056
066
054
0
06sqmi
06km2
0
08km2
0
0
01km2
0
0
0
0
0
013
052
019
0
0
089
0
0
05
060
0
0
0
0
0
0
0
0
061
082
02
0
0
000
051
000
083n
017e
083
017
017
00
000
0km
000
000
00331e
0
0586e
0
0586
01
00
000
015
000
02222n
02222
00
00
00
00
01
00nbc
01
00
04
00asia
04
00
06
00cash
06
00
07
00capital
07
00
00squawk
00
00worldwide
00
00squawk
00
00squawk
00
00european
00
00power
00
00street
00
00
00
00
00cnbc
0
04
0
0
0
05
0
0
0
063
083
00
000
000
000
0
0
04
07
000
0
0
000
000
05e
05
0
0
03
000
013t
037
05m
000
0mph
050t
030
000km
000m
000
0in
000
07
000
010km
00
000
083
000
000
0
0
0
0
000
01
000
000
000
000
000
000
013
000
000
000
000
02
06
00am
00
0square
0
0
0
0
02
0
09
0
08
0
0
005
000
08226n
08226
000
01
000
000
01
01
09
0
026
000
048
0
000
000
000
000
000
000
00
00
000
000
0875n
0875
087459
0
0
0
0
0
0
0
0
0
0
0
09
0
0
07
0
0
0
048
000
0
05705e
0
0
086
000
000
000
000
000
04e
000
000
000
093
000
000
000
000
000
0
04
000
000
000
000
000
05936w
08388n
0
08388
0
000
000
0
0
0
0
0
040m
0
00
00
00
00
000
000
000
000
000
000km
000
0km2
00
0
09
049
0
0
069km2
09
0
0
0
05
0
0
0
000
000
00pm
000
000
000
0
08
0
0
000
000
000
0
09km2
0
0
0
0
01km2
0
0
01km2
0
0
0
0
0
0
0
0
0
0
0
0
03
0
0
0
0
07
0
000
000
000
000
000
061
000
000
069
0
000
000
000
0
05n
000
000
000
000
000
000m2
000
04
000
0km2
000
000
000
000
0
0
0
0km
0mi
040
000
000
0
048kg
010f
000
000m
00
00
00
000
0004
000
000
000
000
006
05020w
0
0
000
08
040ft
0
0
0
0833e
0833
000
000
0mi
000ft
000
017n
017
031400000
000
00
000
00
000
00
000
00
000
00
000
00
000
00
000
00
000
00
000
000
000
01
02
03
04
05
06
07
08
09
01
02
03
04
05
06
07
08
09
03
05
000
000
000
0846n
0872w
0846
0872
000
0
0
000
000
000
000
00
00
0
0
0
0
0
07861n
01694w
07861
01694
000
0
000
000
000
000
000
000
000
0
000
000
000
00pm
000
000
0
000
000
000
0
05am
05am
05am
05
000
015023
0
0
0
09194n
09194
09
0
0
0
0
0
01
0
000
000
028
0
0313
000
000
000
000
000
000
000
004
000
0
000
08
09
011m
0258
000
000
000
000
0
05739w
0864n
0
0864
0
06
000
00
00
0771w
0771
000
000
0
04
04
0
0km2
0
0
0
08
000
0
000
000
000
00n
000
000
000
00
00
0km
0km
05pm
0acres
06
0
00
00
00
00
00
00
000
054
067
000
000
000m2
000
04
06
050
000
000
000
000
000
0mi
0
000
000
000
0km2
0km2
0
0
0
0
0
0
0
0
05
0
000
007
000
00745w
0
0
0600
000
002
097
000
000
000
0
0
03202e
0
0
0
0
04
0
0
0
0
06
0
04
0
0
0
047
0
000
000
000
065
05306n
05333w
05306
05333
053080
053415
065
049
058
0
0
065
0
0
0
0
0kg
000
000
000
05e
05
000
000
000
000
000
000
000
000
000
000
000
000
000
000
000
000
000
000
000
000
000
000
000
00
00
00
00
00
000
000
000
00
00
00
000
000
07
0747e
0747
000
000
000
000
0653
0
0
01658w
0
0
000
000
000
091
07
000
000
077
017n
017
0
000
05958e
07565n
0
07565
0
000
07
06611n
02333e
06611
02333
0
000
06
01
04
01
05
0
000
000
000
000
000
000
000
000
0
0
0
0
0m
0
0
0
0
0m
000
000m2
000sqft
000
000
069
061
0
067
093
0
04
0
03
00
097
032
023
00
0mi
0
000
04
000
000
000
000
000
000
000
017n
017
000
0
054
000
000
0
0
000th
0
0
0
019
05
0
0
0
0
07
0
0
0
04
0
0
000
0
000
000
0
00km3
0
0st
00
02m
04
07s
000
000
000
000
000
000
000
000
000
0
0
0
0
0
0
0
0
0
000
0
0
0
0
0
0
0
0
0
0
06
0
0
053mw
053mw
09kg
0
0
04
000
000
0
0
0
06
0
09
0
06
0
0
0
0
0
0
000
000
00sqmi
05
000
0
000
000people
000
000
0
037
0
000
000
009
007l
000
000
000
000
000
000
04
09
000ft
0001619e
0666667n
0
0666667
0
08
0
0
0
0
0
0
0
0
0
0
03km2
0
0
0
0
0
0
0
0
066
09
000
000
000
000
000
01
00
01
0
0
09
06
000
00389e
00389
000
000
0
08
0
0
000
000
000
000
00h
0
0
000
07
000
0
000
000
000
000
0
0
026w
0
0
0
000
000
052
026
000
000
000
000
000
000
000
000
07
000
0
0
0
0
000
000
000
000
000
000
0
000
000m2
0
0square
027
0
0
0
0
0
06
0
08
027
01
01
0
0
000
067n
067
000
03000379
000
000
017n
017
000
000
000
02346w
0
0
000
0
055
02814e
0
0
0
0
0
000sqft
000
000
000
000
0
037
0313n
0313
000
000
000
000
000
000
000
01w
00
0
0
0
0
0
0
042
0
0m
00444w
00444
023
05n
05
0
0
0
000
000
063
0
000
080ft
0
000
000
000
000
000
000
000
000
000
000
000
000
000
000
000
0
05853w
0
0
000
000
0
05
007
0004
000
099
0
026
000
000
00
00
000
0
000
000
015
000
000
04
05
05
000
00h
07m
07694e
07694
0
0
0
0
0
0
0
0
0
0
0
0
0
0
000
0
04square
0
08
0
0
0
083
0
000
000
03812w
0
0
000
000
000
000
000
000
06
000
000
000
06
000
000
000
000
000
000
000
000
000
000
000
000
000
000
000
000
000
000
000
000
000
000
000
000
000
000
000
000km
000km
000km
0
000
000
000
000
09
041
010
07
02
09
000
000
00
000
01
03
0
016w
016
00p
00
0
03
000
07
000
0km
000
0km
000
0km
000
000
000
021
000
000
000
000
035n
035
000
000
0025n
0025
000
000
000
0
04640e
0
0
0
0
000
000
003897
04
000
000
000
000
000
000
000
000
000
000
000
000
000
07
0
0km
000
0
07
01616w
0
0
000
022
0
017w
017
0
0
0
0
0
04square
0
069
0
0
0
0
007
000m2
000
0
000
000
000
000
0
05
0
0
0
0
02
0
0
0
000
000
000
000
000
01
02
03
04
05
06
07
08
09
01
02
03
04
05
06
07
08
09
03917e
03917
01
01
000
031
0
00
000sqft
000
0320584n
0320584
0083
0
000
000
000
000
07889n
07889
05
05
0
019
000
00917n
00917
000
000
000
000
05e
05
01083s
01083
000
000
0
006mm
000
000
000
04
073
0
028km
08
000
00132w
0
025629w
0
025629
000
000
000
000
000
000
000
000
000
000
06
000
000
000
000
08mph
0
08
09
000copies
000
000
067n
067
000
000
0606n
0606
067n
067
02
00
04
000
000
000
0km
000
00
04
07
00
07
000
000
000
000
000
06h
03
0
0324
019
05889w
05889
07
04
0
0046w
0046
000
000
00738w
0
0
0
0
000
000
000
000
0497n
0497
000
000
027ft
077
063km
067mm
000
07
030
03203
0cdwq6aewcg
0917n
0917
000
000
01
000
0
0
0
000
000
05
07
07
01
04
000
000
000
000
000
000
0
000
000
000
000
0
047
000
000
000
000
06
08
08
000
0
0
02
0
0
0
0
04
0
0
05
0
0
0
0
0
0
0
0
0
0
043
0
0
007
0
0
0
004
01
0
003
0
03
0
0005
0
0
05
0
04
0
0
01
0
01
0
001
01
0
001
05
05
0
055
0
043
0
0
0
0
002
0
0
001
0
05
0
02
0
05
0
01
0
05
0
0
0
0
0
0
0
0
000
0
02
0
052km2
0
06
0
0
06
0
077
0
0
045
0
0
0
0
000
08
000
000
0773n
0773
000
000
05
000copies
000
000
00
046
0
0
040
000
000
000
000
0mi
017n
017
067e
067
0
0
0
0
0
000
000
000
000
00
000
00
000
00
000
00
000
00
0098
0
0t
0
0t
000
07001041
0
000
028
000
00711w
0
0
0
082
007
0
0
06
0
0
0
068
0
000
000
000
000
000
000
000
000
0
000
000km
0
0
0
0
0
0
0
000
000
096169
03
09
07
09
09
000
000
0
06
0
07
0
0
09
00
07n
05e
03
002307n
0
0
000
05s
05
05s
05
000
0
0
0
0
0
0
0
0
0
0
0
0
0
0
0
0
0
0
0
0
0
0
0
0
000
000
000kg
000lb
0
0km
0
000
000
05
06
09r
0081
0079
0079
0080
0120s
00
00pm7
00pm
000
0308
0
0
0
0
0
0
0
0
092
0c
05
000
000
0
0
000
067w
067
01
000
000
000
000
000
000
0
0
039l
0
000
0333e
0333
0
0
0
0
0
0
0
0
000
000
000
000
000
000
000
000
083ft
000
000
000
08
000
000
000
0
098
000
0mi
0
09972w
09972
000
000
000
000
000
000
000
000
000
000
019e
0
0
0
0
0
0
0
0
0
0
0
0
0
044
011
073
0
075
000
0
0
000ft
0276
00s
06
00
000square
000
000
000
08
0
0
0
0
000
000ft
000
000
000
000
000
000
000
000
000
000
0km
000
000
083n
083
000
0km2
0km2
0
0
00
040ft
000
0
07
000cars
000
000
0
0
0
000
000
000
000
000
000
000
07
01
06
07
000
03
00
000
07778e
07778
000
000
09
000
000
000
042
000
0
0
000
05e
05
000
0159982w
0159982
000
000
000
08
000
0
000
000
000
000
0
0
0
0
0
0925n
0925
0
000
000
024550n
024550
000
000
000
052414n
052414
000
000
000m
000
00519w
0
08861w
0
08861
091375n
091375
000
03e
0
0
01km
0mi
07222e
07222
09
0
08
08
07
06
000
000
000
000ft
000
000
000
000
000m3
000
0mph
0
053lb
0l
0l
0
0l
0
0
000
0l
000
000
000th
0l
0
0
0l
0l
0
0
0
0
0
0
0
0l
0
0
0
038
0l
04
0
0
02
08
01
08
07
07
07
05
000
08
01
05
07
08
08
08
08
08
08
08
03
09
06
01
03
04
01
04
01
04
04
07
04
04
04
04
04
05
04
04
06
05
07
09
08
055mm
01
04
01
08
01
03
05
07
05
01
09
05
07
05
05
04
07
04
013
0
0
05
0
0
0
05
0
0
0
0
055278w
055278
000
0
0
0
01
0
0
0
06
000
0
09
000
000
000
000
0
0
0
05
0
0
0
0
0
0
000
000
01339e
0014n
0
0014
0
00533e
0
09254e
0
09254
000
000
0
0
0
0
06km2
0
023sqmi
0
0
0
0
08km2
0
0
0
0
0
0
0
0
0
0
0
0
0
0
0
0
0
00
00
0
000
000
000
000
000
000
000
000
000
0006833e
0006833
03
03
05
02
08
06
03
01
01
08
08
05
06
08
03
08
04
01
05
01
02
09
08
04
03
00
05
07
000
06444n
06444
0
0
000
000
000
000
000
000
0
0
00
07
02447e
0
0
000
033n
05e
033
05
0
0
000
000
000
000
000
008w
008
068square
068square
0
05
0
0
09
099
0
000
000
000
000
000
000
08
040
09868181024
09490764786
09868181024
000
000
000
000
000
000
000
0
0
03
03
0
0
000
000
094kg
041165n
041165
02
05
02
000
000
000
000
03am
07
07
0
0
0pts
0
0pts
0
0pts
0pts
000
000
054
017e
017
000
000
000
000
000
0
000
000
000
000
000
0823844w
050
000
000
000
000
000
000
000
000
000cavalry
000infantry
000casualties
000
083n
083
000
000
000
045
0
00821
000
083w
083
000
000
000
0
000
000
000
000
000
000
000
000m2
036
000
0
0
0
0
0
017n
017
0
055
000sqft
000
000
000
000
000
000
067mm
000
000
0
0
0
000
035acres
000
000
000
0
07
02a
02
053
0
0
01191
0262511908chap1
000
000
000
000
000
000
000m
000
000
000
000
000
000
000
000
000
000
00
072million
08
000
000
000
000
000
000
000
000
02
06
000
0
0559w
0
09972w
0
09972
0
0
0
0
0x4000
0x5fff
0
0
0
0
0
0
0
000
009
000ft
000
000
000
00835w
0
0
000
000
000
08583w
08583
05
000
000
07
035
0
0
0
0
0
06
0
0
0
0
0
041
0
0753e
0753
000
000
000
000
070
000
000
000
000m
0
0
0
0mg
0mph
0mph
01
0
0
0
04
0
0
0
0
0
0
0
0
0
0
000
0
0
0
000
000
041
0
0
033206w
033224w
000
000
0
0
0
0
0
000
0
000
000
000
0
0
0
0
0
04
0
0
000
0
083n
083
05n
05
090km2
000km2
068
0
0
0
0
03
0
0
0
068
02
00
04
03
095
000
000
000
000
000
0
000
000
000
0
08
0
0
0500n
0500
000
00
00
087
000
000
000
000enough
000
000
000
07
000m2
000
000
000
000
0
0
000
000
000
000
000
000
0
0
0
0
000
0
0
0
000
0
0
0
0
0
0
0
000
000
000
000
01
07
08
0
000
08
0
02
0
052km2
0
06
000
000
096
099
043cc
0
000cc
000
000
000
000
000
000
045
000
000
000
000
000
000
000
000
000
000
000
000
000
000
000
000
020
000
000
000
000
0
044km
017e
017
0
0
0
02
0
0
01
0
0
0
0sqmi
0
0
0
0
0
0
0
0
09
01
0
06
0
000
069
064
0
0
064
0
0575n
07389w
0575
07389
0
000
0km
0
0
08
07
0
000
0
0
09
0495194w
0495194
032
000
0
0957n
0730w
0957
0730
0km2
0sqmi
0
0425e
0425
000
000
000
000
056
000
047
047
000
000
000
000
000
000
000
04
000
03
083n
083
04
06
000
0
0
0
0
000
000
000
000
0m
0
083e
083
0
00
00
01
00
000
000
000
000
000
000
000
000
000
0
0
0
0
0
05am
00
01
00
01
0km2
00915e
0
0
020
01322
000
000
00pm
000
000
000
000
033e
033
000
000
0004e
0
067e
0
067
051295n
051295
000
000
000
000
000kg
0
0
0
0
05
05
000
0
0
000
0
0
000
000
000
000
000
000
000
000
000
000feet
000feet
05a4820
000
000
000
0
0
0
0
0
0
01
000
000
000
000
000
000
0126e
0126
0900
0855
000
000
001
001
0
01mi
06km
02sqmi
017w
017
0
00
000m2
0
04
000
000
000
000
000
000
000
000
000196
000
0
0
0
0
02
04
0
08
000
000
000
000
08861n
06611e
08861
06611
02449w
0
0
000
0
000
000
000
000
000
000
000
000
000
000
0f
000
000
000
000
000
000
000
000
000
015km
056miles
037
067km
0
0
0
000
000
076
000
09
000
048858n
048858
05472n
04611w
05472
04611
03
000
0
03
0
0
03
0
07
0
00
00
03w
03
000
083n
083
0
0400
07
0square
0km2
0
0
0
065
0
086
048
000
000
0
000
000
000
0197e
0197
000
000
000
000
000
000
000
000
000m
0
000
000
000
000
000
000
000
000
0
0
0
0
0
0
0
0
0
0
0
0
0
0
0
0
05
0
01
0
0
0
0m
0
09
0
0
0
0
0
0
000
000
000
000
000
000
000
000
000
000km
000
000
000
000
000
0
0
0
0
0
000
000
05
04
000
000
000
0
02
04
07
09
01
02
03
04
05
06
07
08
09
000
0
01935e
0
0
000
000
05
000
00020
000
00020
000
000
00020
000
000
00070
000
00030
000
00035
000
000
000
02833n
02833
05
040mm
000
000
0
01545
000
055e
055
0022w
0022
03611n
03611
0
0mi
02
09
02
09
09
00
07
02
09
0
000
000
000
05361n
05361
053646
0
04
0
0
06
06
0
01
0
065
053646n
053646
000
000kw
000kw
000kw
000kw
000kw
000kw
000
09
084w
084
000
000
000
0
0
0
00
000
000
09
0
0
0
07
07
000
000
000
0
0
0mi
0
0
0
0
0
000
000
000
000
000
000
000
000
0
0
0
0
0
0
0
0
0
0
0
000
000
0
02
0489n
0489
000
000
000
000
01
02
04
05
06
00
00
00
00
00
0
0
02
000
03023e
0
0
0
0
08
0
0
0
0
0
0
0
0
0
0
0
0
0
0
0
0
000
0
00
0
01545w
0
0
0864w
0864
0333333n
0333333
08
000
0
0
0
0
000
02
02
000
00
0
0
000
0
000
000
000
000
000
0100
0500
0
02917e
0
0
000
000
000
000
000
000
000
000
000
000
000
000
000
000
000
000
000
000
000
000
000
000
000
000
000
000
000
000
000
000
0
0
000
000
02
07
000
000
000
000
000
000
000
010
0
0
09
08
0
02
02
04
08
01
01
06
00
00
00p
000
0
03
05
000
000
000
000
03083w
03083
030839
0
0
0
0
0
000
000
05s
05
07722n
00722e
07722
00722
000
00
000
000
0
000
000
020m
0km2
0
0
000
000
03835w
0
0
000
000
05w
05
000
0
0
0
0
0
08
09
03w
040375n
040375
0
0
0
0
0
03
000
000
085
000mg
000
000
000
05
000
04km2
01
02
03
01
04
05
06
07
08
09
08
05
0
0
0
0
03417n
03417
034078
0
0
07
0
0
083
045
0
000
000
000
05425
000
0
0
00778w
00778
000
0
0
0
0
0
0
0
0
0
0
0
0
0
0
0
0
0
0
0
0
000
0
000
0
00pm
00pm
0
000
02
000
000
0mi
0
0
08
000
000
000
054
0
000
000
0
0
000
000
000
000
00
000
001919w
0
0
000
0
01001467
079211w
079211
080
09
065mph
05
008
0
0
03
0
0
0
026
0
0
0
0
0
0
0
0
0
0
0
0
0
0
0
0
0
0
0
0
0
0
0
0
0
0
0
06194n
06194
000
03
050
000
000
000
000
000
000
00
000
000
000
089
0
000
03
0
000
000
0
0
000
0
0
0
000
000
000
0
0
0
0
0
0
0
0
0
0
00000000
00000000
00000000
000
093
0
030
0
000
0
028
0
01417w
01417
000
000
042w
0
0
08n
000
0square
0
04square
0
0
0
0
0
0
05
000
066
000
0km
067e
067
0
0
053
0
0
0
0
03
0
0
0
07
02638w
0
0
004
000
000
0
02149w
0599n
0
0599
0
00pm
04417e
04417
05723e
0
0
0
0
0
0
002
0
001
003
004
0
005
006
0
00
099075w
099075
08903
00
08
0
08
0
08
0
080ft
04seconds
0cumi
000
06
08
09
01556e
01556
0
0
02
0mhz
0mhz
0mhz
0
05mhz
0406
000
0
0
0
0
0
0
0
0
0
00pm
000
000
000
000
0817n
0386e
0817
0386
000
06833w
06833coordinates
06833w
06833
000
000
000
0
0
000
0
0
0
09
033s
033
033s
033
09e
000
0
0
011705w
000
04217w
0
0
000
000
071
0
07482lb
0
063
0
0
0
0
000
00
00
000
0108111n
0108111
07
06
0
09
0
0
0
000
000
0304e
0304
0
017n
05w
017
05
0001
0
000
050
05
0800910w
0725n
0725
000ft
096
0
0
0
0
0
0
0
0
0
0
0
000
030km2
0cdaq6aewaa
000
000
000
000
000
000
00
00
000
000
000
01254w
0
0
011
0
0
0
0
0001
000
000
000
00
000
03027e
0
0
0
000
000
000
000
0
00718w
0
0
0
0
095
000
000
000
000
0
0
009
065
000
000
0687
00am
0
09
0
0
056
076
08
000
000
000
000
000
000
000
000hp
000hp
000
000
000
0
000
000
000kw
00
003
000
0square
0
013
048
0
0
04
0
0
013
0
000
000
000
000
038
000
01944n
01944
000
000
0
00
03am
000
03630w
0
0
000
000
00
0
0
000
066ft
0
0
0
0
0z
0
0z
0
0
0
0
0
0
0
0
0
0
000
0
067w
067
0
03417n
03417
08
000
000
000
000
000
000
000
0
085853n
085853
000
000
03223w
0
0
086
01
0
0
0
01
0
0
0
086
00
01
00
000
013
000
000
022
049
000
000
000
000
000
07480w
07480
0
0
0
0
0
079
076
0km2
0
0
0
0
02
0
0
00
02
00
087
00w
00
03
0
0
0
0
08
000
000ha
0
0498
0
07e
000
000
035
038
000
000
000
000
000
000
000
000
000
000
0083w
0083
000
0
000
07
09
000
0
000
09
000
0
000
000
000
055
0
0
0
000
02836e
0
0
01
08
000
08
08
08
0
000
000
03
02278w
02278
03805w
0
0
000
000
000
000
000
000
000
00
0
0010
0
0
0
0
0
0
0
0
0
0
0
0
0
0
0
0
0000
0000
0000
0000
0000
0
0x7e
0x7f
0x00
0x7d
0000
01f8
0
0
00
06
00
06
021d
0200
0200
0
0
0
0
0
0200
000
0
000
0
0
0
0
0
0
06
05n
05
0
0
0
0x
0x
0
02
000
0214n
000
000
000
000
000
000
077
0
0
0
01
0
000
000
0
068km
000
025
000
050
000km2
000sqmi
0882194n
0882194
000
0
000
000
000
001
0
000
062451e
062451
05n
05
000
000
000
000
000
000
000
000
000
000
000
000
000
000
000
000
0093009
000
000
068
069
067
053h3
0
000
000
05301w
0
0
000
0
000
000
0
0
0
0
0
04
0
0
06
0
08
0
02
01
0
000
000
0
0
0
0
0
0
0
06
0
0
000
000
000
08
000
00
02
07
005
06
000
045
0
0
0
02
0
0
00
000
05
05
0
0sqmi
01278e
01278
000
000
000
000
000
07
000
0
0315
0
000
08
0
000
0
0
0
000
0
0
0
01833w
01833
018264
0
04
0
0
036
0
0
0
09
022
029
06
08
04
04
00833w
00833
000
0
0
000
000
072
060w
060
00
0
000
000
000
000
000
000
05336w
05336
00
00
05
00
00
00pm
00
000
000
000
0855e
0
0
0
00pm
017s
017
017s
017
000
000
000
0
014
066
067
0
000
000
000
06
06
05
0
05
0
000
000
000
000
000
0
05n
00w
05
00
009
009
00am
00am
0
04242w
0
0
0
0
000
00
00
00
0mi
00
0
01n
000
000
0
05
09
01
000
000
050ft
05917w
05917
0
02
06
06
06
06
06
000
000
06
000
000
074n
074
0
0
0
0
0
0
000
000
000
0000e
0000
000
018
052
000
000
000
000
000
000
000
0
000
000
0km
0166667n
0166667
000
000people
00am
00pm
000
000
000
000
000
000
000
000
000
000
0
000
00
000
0sqmi
0039w
0039
000
000
000
000
000
000
000
000
000
000
000
000
0
05
000
000
0500n
0500
0730
0
0
0
000
0
01
000feetin
0
0
0
0
0
0
01
000th
000th
000
000
0
06
02
03
09
0
000
000
000
008214n
008214
07
0
0
000
000
04
05
000
000
0
0
0
0
0
0
00
0
000
0
000
000
000
000
000
000
000
000
000
04h
0s
000
0975n
0975
000
0
026
0681n
0681
0
0
00
0
00
067m
000
0
0
01
000l
000
000
000
000
000
00
00
000
000
000
000
000
000
000
000
000
000
000
000
000
00
00
06
05l
05
000
09155805
09
000
057
0
0
0
0
0
000
07
000
08
03
03
08
03
08
03
000
000
000
000
070
000
000
000
000
000
083km
0
0
0
015
0
0km2
009
0
0
0
0
005069
0
02
0
052km2
0
06
0680792
000
000
000
000
0033n
0033
04
0
0
0
0
06
0
0
0
04
000
0
04nm
0
04nm
0
0
02nm
0
0
050
000
049
000
000
000
000
0
04
0359w
02
000
000
000
058
000
00
0
001912n
0
0
054w
0
0
000
000
0
0
0
0
0
08
0
000
000
091
0
0
01
01
05
0271
036
036
000
000
000
000
000
000
000
000
000
04559
0
0
061
017n
017
0
022
00
06
074
02
0
00
0
00
00
00
0
00
000
00
000
000
0
0
000
000
000
00
000
000
000
000m
000
069566
000
000
000
075700n
010300e
05e
05
085
0
000
0ft
000
015
000
000
000
00
00
07
00
00
000
000
0
0
01
0
000
04
04
000
000
0
06km2
0
0
0
0
093sqmi
0
0
0
0
0
019
000
000
000
0902w
033w
033
09
0
0
099
0
0
0
0
0
000
0
04
06
0
02
00
00
00
00
0
08
0
02
000
000
05
02
000
0
0
0
08
00
00
00pm
00pm
00
000
017e
017
000
0
0
000
000
000
0204784e
0204784
000
07
0
0
0921002173
080
037
0c
0c
000
0mi
08956
004
000
000
01361e
01361
000
000
049
01
00
01
000
08
00
03
00
03
06
01
01
000
000
000
0
095
045
000
000
000
06
04027e
0725n
0
0725
0
09
00
00
01
00
05
00
09
083e
083
07w
0
0
0
0
0
0
0
097sqmi
0
02km
0
0
0
0
0
0
0
0
0
0
05
07
000
000
000
075
000
000
000
037e
037
000
0327
0
00035nm
000x
0327
01946w
0
0
0
0w
0
000
000
0
0
0
0
04
0
0
08
0
011
000
000
08
0
000
000
00s
00
0153027
0535603
00
0l
000
000
05
000th
000
034
000
000
000
000
000
08
0
0
0
000
000
000
00020
0
0
000km
000
000nm
000
052
053
000
00
03
000
000
000
000
000
000
000
000
000
000
000
000
05
000
000
000
000
000
000
000students
000
039
000
054
0billion
000
000
000
000
0743n
0743
06222n
06222
0
030
0
078km2
07
02
000
069056n
069056
010
010
078
089
096
000
0
00358w
0
0662w
0
0662
0
0
000
000
000
000
000
000
000
000
000
000
000
0
0
000
000
000
000
086964w
086964
000
000
0
0
09
01
000
000
000
000
000
000
000
0214n
0214
0
0
0
0
0
0
0
0
0
0
0
0
000
000
000
06
000
000
000
03
000
073
000
022
067e
067
08
00
05
06
000
0
0
000
0
05490
04
04
0
0
0
0
0
000
00694n
00694
000
000
000
0
0
0
0
0
0
0
000
000
09
06s
06
037
037
037
0425n
0425
000
000
000
000
000
000
000
000
0
0
0
000
000
015
08083e
08083
094w
094
000
000
01152e
0
0
000
000
0
0
0
0
0
0
0
04
0
0
0
094
0
000
00000113
01433w
0
0
06
000
05
000
022
000
023333w
023333
0
038
0
0
0
01
0
0
0
0024472n
0024472
000
000
0
000
000
0m
000
000
000
000
045
008
000
0
000
0
06143
000
000
000
000
000
0867742w
0867742
0
0
04
0
0
064
076
0
0
0
0
0
0
092
000
000
000
000
0
000
000
079
0
08
0
0
05
0
0
021
0
0
0
000
0
0
0
0
0
000
0761n
0761
000
000
0
000
04
07
05
000
05
000
05
05
000
00
000
02
0
02
018
020
0
000
05
000
000
000
010
000
000
000
02
0
0
0
0
0
0
0
0
08
0
0
032
00
0mi
0264800n
0264800
017e
017
0
017s
017
017s
017
05w
0
0
00
0
08
0
0
0
0
000
0
000
000
000
000
000
000
0
06
00
07
00
00
00
0
02
045
00
00pm
00am
03444w
03444
00
00
00
0square
0
0
0
0
0
0
0
000
021
0
000km2
000n
000
00194w
00194
000th
000
000
000
000
0007210930
0399247262
0
0
0
000readers
000readers
000
000
000
000
000
02337w
0
0
0192
0192
000
0
000
000
08181e
08181
000
0
015
000
000
000
09
000
000
000
00
0
02702w
0
0
02
000
000us
000
000
0
000
0
0
0
0
0
0
0
01
000
000
000
000
000
000
000
0l
06
07
08
09
00
03239w
0
0
0
00pm
00pm
00pm
00pm
000
000
000
000
000
0
0
0
010
010
00
0
0
0
0
0
07
068
063
048
0
0
0
01
0
0
00
000
000sq
000sq
090
028
0
0
0
015
000
000
0
0
0
01
0
0
0
0
0
01
0
0
0
0
0
0
0
0
0
000
000w
000
0
0
0
000
000
0
0
0
0
0
0
0
0
0
000
04625w
0
0
0614w
0614
000
06
000
000
02
000
08
09
066
024
09639n
09639
02
000
08194w
08194
047
000
000
050
000
000
0
000
032295w
032295
032295
000
000
000
0
088
004
0
01
0
05
0
010
0
0
088
0
0
08
000
0
0
04652e
04652
000
00122e
0
02278e
0
02278
000
000
037625n
037625
0km
067
0f
0
08h
08
026e
026
017e
017
000
0
0
0
0
0
09
0
05
09
0
0
0
07
000
000
000
000
000
000
05
000
000
015
000
067m
07e
07
000
000
000
000
000
