3
33rd
3
3
3
3
3
3
3
3
3
3
3
30
375
375
3
3
3
31
37sqmi
32
3mi
35
3
3
35
3
3
322
3
31889n
31889
3rd
3
30
3
3
38
3
3sqmi
32
3
36
3
3
3
3
3
3
30
39
3
39
3
3
31
323
384
39
3
3
3
338
34
37
30
34
33
3
3
3
39
3
3
3
3
35
37
311
31
3
36
31
3
3
39
3
3
32nd
3rd
3
300
3
3rd
300
3
31
31
30
376
38th
3
3
30
30
30
30
31
32
3
33
3
34
35
37
3
37
3
3
3
3
3
30
31
30
32
33
34
34
34
35
36
37
38
39
34
30
30
33
30
33
33
36
3
3
3
324951n
32
32
3
3820n
38
333n
38
333
31
32
31
32
32
3
3
30
3
32
34
30
36
3
31
33
35
30
3
30
30tonight
30
330
312
3
30
3
3
38
37
34
38
3
38
30
38
300
3
300
31
38
395
38
34
3
3
3
38
33
333
33
3
37
392
392
391
3
32
300th
39528n
39528
3
3rd
34
3
30639n
30639
30
3
3rd
3
3
3
3
336
3
3
3
3
3
3
3d
324
332
3rd
3
3
315
3
360
3
31
3
3
374ft
380ft
30percent
3
38
3
3
30
3kn
30
31
3km
300
35
35
3in
352
35
3
30
384
30
30mph
32kn
37mph
300mm
30mm
300mm
300mm
3in
31
30
30
3
3
3
3
33
3
3
330
31
31
30
3
3
3
3
3
31
3
32
3
33
34
3
35
36
37
38
37
39
3
3
3
3
3
3
3
3
3
3
3
3
325107s
32
32
3
3
3
3
3
3
3
3
3
3
300
32
3
300ft
3kw
3
3
3
3
31
3
3
3
31
30
3
387
3
3rd
3rd
30
3
3
3
38
38
3
32
3
30
300
30
31
34
350
350
350
354
350
350
350
350
350
350
354
350
3
35
34
3
318
3
3125n
31
333e
31
333
3
3
31
30
335
300
335
334
3
30
30
3
3
3
3
3
3
3
3
3
3
30
3
3
30
36
3
3mhz
3mhz
3
3
3
3mhz
3
3
3
341012n
34
34
3
3
3
35
32
32
3
3
3
3
30
3
38
34
3
3
3
3
3
3
3
3
3
3
3
300
384ft
3
300hp
320hp
3
3000
3
3
3
330
3
38
34
38
34
3
395436n
39
39
30
300
30
3
38ha
3
385
30
30
3
38
3
388
36
3
3
3
3
300
30
35th
3
3rd
3
3
3
3
3
3
3
3
3
3
3
3
31
31
32
30
3
3
3
30
31
3
3
33
35
3
3
3
3
3
3
3
3
3
3
3
3
3
38
31
31
3
39
3
305
3
3
3
3
360
315
3
3
3
3rd
3
3
30
31
32
34
35
36
3
3
3
37
3
38
39
3
3
30
3
3
3
3
3
311304n
31
372e
31
372
30
3
30
31
31
32
33
32
31
32
34
35
36
37
37
38
39
35
30
3
30
30
3
3
3
313914n
31
31
31
30
3
365
3
3
37
3
3989e
3989
3
300
3
3
3
3
325
393739n
39
39
3
3
3
3d
330
34th
3
30
30
34cm
39
30km
3
34
395912n
39
39
3
3
3
3
3
31
320km
3
35
39
3
3
35
3
310km
332
35
30301
30732
3
3
3000m
3
3
3
32
30
3601
34
3
35km
36
3155n
31
31
34
3
3
38
35
36
350ft
387
30
3600
3
30
3
30
3d
30
30
31
32
30
3
3
3
3
3ds
3
3
31
31
3
3rd
3
3
3
394
395
399
3
30
3
377
377i
3
3
3
3
3
3
3
3
3
300khz
33
3
3227
32
32
33
32
3km2
3
303
38
3
31
3
36
3
36
3
3
322733n
32
32
308
3
355340n
35
35
3
32
300
300
379
3
3
3mi
333n
333
30
3rd
3
30
30
35
34km
3
3
3
3
3
3
3
3
3
3
3
38
31sqmi
32
3
3
3
3
3
3
347
3
365
35
32
3
36
30
37
310
399
310
315
30
35
3
31
31
332
302
3
3
3
30
324
3
38
391
369
356
3
3
3
397
35
3
319
3
3
3
3
3
3
36sqmi
34mi
3
33rd
3rd10th
300
3
30
3
31
3
3
3
3
3
3
3
35
3
3
3
3
300m
3
3
3
3
3
36
3
3
3
34
30
30
3
3
3
3447
306
3
3
330
3
3
38
3
34
3
3
3
3
319
365
3
39
33
30
3
30
3
3
3
30
31
32
33
34
35
36
37
38
39
30
3
30am
3
30
3
3
3
365
3
32
3
3
3
374
3
3
30
3
3
3
300zx
37
3
3
336
3
31
3
3
3
30
3
3
3
30
3
3
3
35
3
3
3
35
3
30
3
35a
36b
35a
35b
36
36
36b
3
3
3
3
31january1952
36
3516
3
3
30k
3
37
3
3
3
3
31
32
31
32
34
30
38
3rd
3rd
32
31
3rd
3rd
31
30
3
3
3rd
33
3
3
3
3
3rd
3
3
3
3
3
3
34
34
3d
300
30
30
39
3
3
30
30
3
3
30
3
35
3621s
36
35s
36
35
3
3
3
3
3
3
300
30
30
31
32
3
310ft
30
31
30
32
33
300ft
34
35
36
37
35
38
39
3
3521e
35
35e
35
35
3
3
3
3
36
394
3
349
3rd
368
372
3rd
325
324
308
3
3
300
3
3
3
3
31
330900n
33
33
31
3
3
3
38
3
35
38
3
3
35
3minutes
3
3
3
343
3
30
3
3
35
3
3
3s
3
3s
3
3
3
350
3
36
35
3
300
3
35e
35
3
3
33
30
3
3
3
3
3
3
30
3
39
34
3
3
3
3
30
3
30
30km
30km
3
33
33
34
355
31
3
3cm
32
31
3
33
3
30
3
300
300
300
3
30
3m
3
38
3
300s
365
3
3
33n
31122
3
3
3
3
3
370
3
33
35
3
365
3
3
364
310
3
3
3
30km
33
3
3
3
3
3
3
3
30
3
37
3
3
3
3
3
3
3
3
3
35pm
3
3000
30
3
3
3
3
3
3
3
3
35pm
30
31
30
32
33
34
32
35
35pm
35am
35
31
36
37
38
39
30
32
3
30
370
30
3
3
30
332m
3
3
3
36318
39
360531n
36
36
30
3
3
300
3
3
3
33
32
3
3
3
38
3
34
3
3
3
31
31
30
31
30
32
33
34
35
36
37
38
39
31
33
30
31
31
30
3
32
30
3
32
33
32nd
3
3
3
367w
367coordinates
367w
367
3
3
3
3
3
3
3
3
3
3
3rd
30
31
3rd
379km
3
3
30
3
3
3
3
30
3
3
3
30
3
3
360
3
3
3
333333n
333333
321
3
3
3
3
3
3
31
30
3
32
3
34
3rd
3
30
30
3
3
3
3
3
3
31
3
3
32
360
3d6
3
3
3
3
3
3
3
325
31
3
3
394721n
39
39
39
34
30
30
3
3
3
39
30
34
375
33
3
300
3
3
3
35km
3
38th
3
3
3
35
399
33
300
3
3
3
3rd
3
3km
3
30
3
3
3
30
38
3
30
31
32
32
386
3
3
37
35
30
30
30
32nd
3
30
31st
30
3
3
3
3
3
3
3
39
39
3
3
3
39
3
3
39
30
3
3
32
34
3
31
30
3
300
30
3
30
3
33c
320k
3
33
3pph3
3
3
3
3
3
3351n
33
33
30th
3
32
382
382
37
3
3
39ft
30
3
30
37
3
306
3
380
380kv
31
3
3
30
30
36
3
3
384722222222n
384722222222
34
33
321
39mi
323856s
32
32
350
3e
3
3
3
31
324811n
32
32
335532n
33
39444w
33
39444
33
394531
3
3
3
3
3
33
3
3
33
32
32
35
3
3
33
3
3
3
3
3
394550n
39
39
31st
3
3
30am
3
3
3
3
3
3
3
341346n
34
34
36
3
30
3
31
384
338
360
31
3
3
3m
3
3
3
3
3
35
3
3
3
30
31
30
30
30
31
32
32
3km
3
353
3
3km2
3
37
35
33
34
30
3
3
30
300
3
3
38
31
38
34
35
3
36
32
3
30
30
3
32pounder
3
3
30
325422
354445
32
35
32
35
32
3
349
3
3
309
310
30km
3
39
35
3
3
38
3
3
30s
30s
3
35
30
30
30
3
3
30
30
3
355
3rd
3rd
310
39
3
3
31
31
30
30
30
3
35
31
31
35
37
34
35
3
34
3rd
32
3
3
3
30
3
32
33
34
35
35
36
39
3
31
31
34216
340806n
3
340806
3
3
3
30
3
353944n
35
35
31
3
382110n
312448e
38
35278n
31
38
35278
31
3
3
3
3
31
300
3
3
39n
3
334
3
34th
3
3
3
30
3
3
3
3
32
3
3
3
3
3
3
3
3333333n
3333333
3
3
32km
3
34
3
30
30
3
3
3
3
3
30
36
36km
30s
3
3
3
3
300
3
3
3
3
3
3
36
30
31
32
33
34
35
36
37
38
39
31
3
33km
310
3
3
3
3
38
39
31
3rd
3
3
3
3
3d
301
3
3
37
3
3
31e
3
30
3rd
33
3rd
3
300
350
3
3
392935n
39
39
3
35
32
3082
3
3
3
3
3
3rd
30
30
3
3
35
35
3
300
38
3
3rd
3
3
3
3
3
3
3
3
350
3
3
306
325
30
3
30
3
30
34
30
39
31
36
36
319
3608n
36
36
3
3
3
300
3
3
3
3
330
300
3d
3d
34
372
357
3d
3
3
359
3
3
3
31
3
3
3
3
3
3
3
394258n
39
39
3
3
3rd
371
3
3rd
3
3
3
3
37
31
3
3
375
375
3
3
3
37
3
3
3
3
31
3
3
3
37
30
38mi
3km
3
36
31
3
3
36
389
30
3711n
328w
37
3
37
3
340e
3
3
37
3a
34
30
32
33
34
36
37
39
36
378
3
3300
3
3
31
322
3
387
3
3
31cumi
33
320
352
323r
352
352
352
3
352
352a
352
33
352
3
352b
3
30
31
32
33
34
35
36
37
38
39
322
352
388
390
3
3
3
3
3
3
3
34th
31
3
3
3
3
360
33
3
31
3
3d
3d
37
3
3
3040
3
3
3
3
3
3
37
33
3
3
33
33
315
37
35
35
36
3d
3d
3
3
3
3
3
33
3
3
379
34
34
3
3
36
3
3
32
3
3
3
300m
30
30
3
3
3
372
33
372
3
30
3
32
3
35
36
3
3
32
3
33
3
320
310
30
31
32
33
34
35
36
37
38
39
3
3
3639e
36
36
337
312
3
312
3
35mm
3july
3rd
38
3
334622n
33
33
30
32
3
38
3
3h
3
3h
3
322km
3
3
30km
31mi
37
3
300
30
3
30
31
32
33
34
35
36
30
36
37
38
39
35
300
300
3
3
3
3
3
386
30
3
3
3
3
38
32
361st
361st
361st
3d
3d
316th
34th
301st
303d
305th
306th
310th
319th
320th
322d
323d
333d
346th
351st
379th
381st
382d
383d
384th
385th
386th
387th
388th
389th
390th
392d
398th
31st
318th
339th
350th
352d
353d
354th
355th
356th
357th
358th
361st
362d
364th
315th
3d
313th
314th
315th
316th
349th
3
3
3
3
38
3
3
30
38
3
31
3
30
39
3
3
3
360
3
3
3
3
352
31
30
31
3
3
300
3
3
3
3
3
3
30
3
31
3
32
3
33
3
34
3
35
36
3
37
38
39
3
3
3
36
36
3
3
39
3
35km
34mi
3
3
3
3
37
3
30
31
3
32
32
32
32
33
34
35
36
37
38
39
3
3
3
3
3
32m
30
3
3
3
3
3
3
3
3
3
3
3
3
300
30
3
317
3
35
3
3
3
3
300
301
3m2
30
310lbs
3
3
35
3
310014e
31
31
37
3
3
3
3
3
3
3
3mi
383333e
383333
38
3
325
3
30
31
32
33
34
35
31
36
37
38
39
30
3
324435
33e
32
32
3
39
32
33mhz
32
33mhz
32
33mhz
3576cm
3
375inches
32
320
32
3
300
3
3
30
3
35
35
30
3
350
35
31
3
39km
3
353944n
35
35
3
3
30
34
3
3
3
3
3
3
3
3
3
32
375842
3e
37
37
35
300
3
3
3
30
3
3
31
3
32
35million
30
3
3million
3
31
3
3
3
3
3
3
30
3
3
3
3
3
3
35
31
3
30
3
3
30
3g
383931s
38
38
3
3
3
3
3
300
3
3inches
3
300grs
3
3
3
3
32
35c
3045
3
37
39f
30
34c
3
37
3
338
31
34
3rd
30
3
39
30
3
30
3
3
3
3
3
30
3
3
36
3
3941e
39
39
3941e
39
39
3
320
30
30
31
32
33
34
35
35
36
37
38
39
31
39
33
3
3
34
39km
39km
32
32
32
336
32
3
35
3
38
36
37
3
33
36km
333s
333
333s
333
311
3
360
365
3
3
302
3
3
3
3
3
3
3
3
3
3
300
3
3rd
3rd
30
3rd
3
37th
32nd
3mi
31
3
30
3
35
35
3
3
30
30
3
30
3
35
36
300
396w
396
39mi
3000
35
37
384237n
38
38
38
3
3
35
349
39
31
3
31
3
3
3
3
300m2
3
300
350949n
35
35
36
3
300
3
346
300
37th
30
35
35
3
34
395
300
3
3
3
32km
300km2
360153n
36
36
3pm
3992n
3992
3
3
3
3
30
3
3
3
3
3
30
3
30
36
33
3
30
367km
33
3
3
3mi
3
3
3
3
3
30
31
32
33
34
35
36
37
38
39
300
301
302
303
304
305
306
307
308
309
310
311
312
313
314
315
316
317
318
319
320
321
322
323
324
325
326
327
328
329
330
331
332
333
334
335
336
337
338
339
340
341
342
343
344
345
346
347
348
349
350
351
352
353
354
355
356
357
358
359
360
361
362
363
364
365
366
367
368
369
370
371
372
373
374
375
376
377
378
379
380
381
382
383
384
385
386
387
388
389
390
391
392
393
394
395
396
397
398
399
3415
34
3
36
3
3
367
32
35
3
3
36
33
3
341556n
34
34
3
3
3
30
3
335
3
30
300bhp
36
35
3
35
3
35
30
31mi
3
3
3
3
3
3
3rd
3rd
3rd
3rd
3rd
3rd
3
300
3
3
3
30
31
32
33
34
35
36
37
38
39
3
30
3
3
3
300
3
3
3
37
3
3
39
37714
3
3
3
3
3d
3
3
3
3
3
30th
3421
3
3
3
3
3
3
3
3
30
31
32
33
34
35
36
37
36
3
3
30
3
3
35
30
3
30
3
3
3000
330
330
3
3
3
3
338mbar
360
360
3
3
3
30
3rd
3rd
3rd
38
3rd
30
3
3
3
3
3
3
300
300
30
31
32
3
320
33
34
34
35
36
36
37
38
38
37
39
3
30
32
34
37
3
3
3
3
3
317e
317
30
3
365
3
333w
3
3
3
37
3
381mm
3
3
3
30
30
30
32
36
3
300
3
3
3
3
38
34
372000s
37
3333333s
37
3333333
367n
367
36
346
3
34th
3
30
36
38
39
360
398
3
300
354
32
31
339
31km
3
3
30
31
32
33
34
35
300km
355850n
35
35
30
3
3
3
35
3
333e
333
30944n
30944
3
38
3
31
30
324
3
3
3
39
3
3gj
34
3ton
300
3
3
3
335045n
33
33
33
3
321
3
368
33
321
32
3
3
3
30
39
3
3
3
3038n
3038
3
3
3
30
30
3
30
3
30
30
326
3
300
3
30
33
3
300
3
3
33
3
3
30th
3
3
3
3
3
365
322
322
3
322
322
322
30
30
31
39
3
3
36th
3
3
36km
32km
300km
3km
30
31
32
33
34
30
35
36
37
38
36
39
300
300
330
315
3
38
3
30
31
32
33
34
35
36
37
38
39
30
3
3
35
3
37th
3
3
383
355hp
390hp
3
3
300sl
37
3
30
36
3
31
3rd
3
3
3
38
30
3
38
3
318
30
3
31
3
36
3
3
3
35
3
3
3
3
37
3
3
36
3
3
3
3
3
30
31
37th
3
3
31
36
3
31
3
31st
32nd
34132w
3
3
3
398
338
338
3
3million
30
31
32
33
34
35
35
35
36
37
38
39
31
3
3
31
32
32
3
32
3
31
32
30
31
32
33
30
34
35
36
37
31
38
39
32
30
30
3
32
3
3
350
300
31
3
33
37
32km
3
35
3
3
300
31
35
32
37
36
3
3
3
36
3
30
3
3
3
3
3
3
3051n
30
30
3
36
36th
3
3
3rd
3rd
3
3
330
3
3
30
31
39mi
30
3
3
3
3
3
30
3
300
3
304
3
3
3
3
3
3
3
3
30
3
3mi
316
300
3
3
3
3
3
3
3
3
3
31km
384555n
38
38
3
3
360616n
36
36
30
30
30
3
375
3
31
3
37
3
3
39
3
37
36
3
3
35
3
3
3
33
30
31
30
30
30
30
32
33
34
36
35
3
36
37
38
39
3
30
30
30
325
31
30
30days
3
3hour
36
38million
330
34
352
3
35
30
31
32
33
34
31
35
3
31
36
37
3
32inches
38
39
37194n
37194
351
3
3
3
3
3
3
3
3
31
3
3
31
39
34
359
3
3
3
3
34
3km
30miles
38km
3
3
35
3
358
3
389
3
389
3
3
384058n
38
38
38
35
3
36
33
3
30
33
3
3
3
30
300
39
30th
3
3
3047e
30
30
3
3
3
3
3
3
3
3
31
3
3
350
346
3
341
3
34
320
3
3
3
3
3
36
35
3km2
35
3
3
31
31
34
3
3
3
35th
3
30
30
3
3
36
34
3
34
31
3
37437
3
31
3000th
3
3
30
31
31
38
3d
3d
3d
3
3
3
3
3
30
344640n
34
34
3
3200
3100
383511n
38
38
3
3
3
3
34
3
3
3
3
370
3
3
3
34
34
3
37
32ha
320
3
30
360155n
36
36
3
3
304
306
304
317
351
376
351
394
3
30
36
3
37
32
36
32
3
377
3
3m
3
3m
39
38
350
3
3
3
3
3
3
3
351
3
30
3
3
3sqmi
37
30
31
31
39
3
3
3
3
3
31
31
390033n
39
39
3
3
3
3
3
3
3
3
3
371
3
3
3
3
3819n
38
317n
38
317
374134
35n
37
37
3rrr
3
3
3
3117s
31
31
3
360039s
36
36
3
35
3
3
3
35
3
30
30
3
3
35
3
36
35
30
30
308
301
3
30
3
3
3
320
3
3
3
3
3
3
3
35e
35
3
3
3
3
3
3rd
36
36
36
36
36
3
35
3
3
31
30
39
30
30
3a
3b
30
3
3
371145n
37
37
3
3
3
369
3
3
3
3
3
3
343
3
300m
343
3
328
33530
300
3
3
3
3rd
3
343
318
3
3
3
3
317
33
32
35837e
3
3
352182n
352182
3
3
357
340
31km
3
3
30th
3
3
3r
3
3
3
3
3
3
36
33
37
3
34
38
30
35
39
31
32
33
35
33
34
35
3
3
3
3
3
3
3
3
30
31
32
33
34
35
36
35
37
38
39
3
3
32x4
32k
31
3
3
3
3
3
3
3
3
3
3
3
3
3
3d
3d
3d
3d
3d
3d
3d
3d
3d
3d
3d
3d
3
3d
3d
3d
3d
3d
3d
3d
3d
3d
3d
3d
3d
3d
3d
3d
33
3d
35
3d
3d
3dtv
3dtvs
3d
3d
3d
3d
3d
3d
3d
3dtvs
3d
3d
3d
3d
3d
3d
3d
3d
3d
3
333e
333
345
3
3
3
3mi
31
3
3
3
38th
3rd
3rd
3rd
39
3rd
3rd
3rd
3
3rd
33rd
3rd
3
35
33
3rd
33
33
3
35
33
3
30
3rd
30
3rd
31
31
3rd
3
3rd
3rd
3rd
3rd
30
33km
3
38
36
352
313
3
3
31
31
32
3
3
3
3
30
3
3
30
3
395748n
39
39
3
30
3
31
33
3313
33
385
3
3
3
37
33
3
3
30
374848n
37
37
365
3cd
3b4v
3sek
3
3
3
3
313
33e
33
313metres
3
361
3
3
3
3
30
3ft6in
347km
3
3
3
3rd
39
3
3
391218n
39
39
3
3
30
30pm
3
34
3
3
3
3
31
3
3
31
31
380627n
364421e
38
36
38
36
3
33554e
3
3
312
3
3
30
30
3
3
3rd
3
31
32
3
3
3
30
3
3
3
3
3
3
3
35
30
370th
38
3
3
3
3
32
32
3
3
3
30
3
30
3
3
3l
350
300
3
3
3
3
30km2
300
30
30
3mw
30
31
32
33
34
35
36
37
38
39
3
3rd
31
345
340
3
30
3
34
302km2
33c
3c
30
31
32
33
34
300mm
35
39
37
337
320km2
3km
3
3
3
31028e
31028
3
3
3
3
36
37
3
3
35
3
3
3
3
3
3
3
3
39
3
3
3rd
3
3
3
3
3
3
3
3
3
3
34
3
38
3
3
3
3
3
3
3
3m
3m
3
30
3
31
3
3
3
39
3
3
36
33
3
3
3
3
3
3
35
3
3
3
3
3
362
35
35
3
33
34
3
3
3
357
36
3
3
39
3
31
3
31
3
3
33rd
36
3
3
3140
3
31
3
3
300
3
3
3
30
3
3
3
369
3
300
395934n
39
39
3
36
3
3
3
32667e
32667
3
30
3
300
30
30
35
36th
30
31
32
33
34
35
36
37
3rd
3
3rd
3
3
3
3
3
31
30
30
31
32
33
34
35
36
37
38
39
3
370610w
37
37
387
3
3sqmi
3km
31
30
3
30
3
3
3
3
3
3
3
3
3
3
300
31
38
34
30
3
3
3
3
35
30
3
35
30
3
3rd8th
3
3
3
3
3
3
3
3149
3
3
3
33
33
33
33
33
332
3
3
32
33
30
30
3
3
3
3
3rd
3
3
3d
3
330
321
3
393
3
3
3
36
3
3
3
3
3e
3
3
3
31
30
300
301
3
37km
37km
34
30
3
3
3
30
3
3
3
3
3
3
3
32344
300
300
36
3
3
320
3
30
3
31
37
39
3
331
359
3
331
359
3
3
3
3d
3
36
3d
3
30
3
312
3
3
33
3
3
39
3
37
3
32
36
3
3
3
39
30
36
3
3rd
3
3513w
35
35
3
3
3
3
3
3
30
3
3
36
3
39
30
320ha
30
315
3
3rd
3
30
31
30
3
3
3
3
3
3
370
370
3
30
3
3
3
3d
3
3
300km
3
3
3au
3
3
32
39
3
3
3
323905e
38528n
32
38528
32
30
3
35
35
30
30
37
3
3
3
3
3
3
3
3
3
3
3
3
3
3
3
35
37
3
3
320km
3
3
328
37
315km
390
3
317kw
31
3
375
3
30mph
3000me
30
378
3
3n
3
3
3
30
30
36th
3
394
3
3
3
3
3
3
3
3
3
3
3
3
30am
3
30
3
375
3
34
34
39
37
3
34
3775n
3775
30
372609n
37
37
300
3
300
31
3
3
3rd
3
3
33
32
3
3
3
3
36
34
3
3
300ft
3
34
3
3
3
36
38
30
36
372715n
37
37
39hu6
3
31
33
3
385mw
30
398
386
386
398
3
31
31
38
31
31
37
3
3
3
3
3
3
3
3
3
3
3
3
3
3
3
3
343405s
34
34
3
3
3
3
3
3
3658e
3658
3
3
3
30
3
3
3
3
3
3
3
31
3o
3o
3
350
3
35
35583
3
34927
39121
3
34927
300
36
3
32
3
3
3
3
3
31
31
3
3
362m
33ft
330m
320
3
340m
380
32
348
37m
34
3
3
3946
381n
39
39
3
35
31
3
3
3
3
3
3
3
3
35
3
3
3
35
3
3
30
31
30
31
3
3
3
335
3
3
3
3
3
3
3
3
3
308
3
3
3
3
3
3
3
382536n
38
38
3
3
3
37
3
393
333n
333
32e
32
3833e
3833
3km2
344
35
3
38
3
3
33
30
39
38
327
3
3
3
37
31
36
3
32
3
3
3
3
32
3
3
3
3
3e
3
3
3d
3
33
30
3
36
3
3
3
32
30
300
300
3
3
3
3
3
30
3
3
304
3
3
3
350
30
3
3
30
300ft
31
3
3
3
3
3
3
3
30
3
30
3
3
3
3
3
3
3
3
350meters
3
353m
3km
3
3
3
3
3
346387e
346387
30
38
3
30km
31
30
3
3
38grams
3
3
3
3
3ff6
3gid
3glk
3jrw
3jrx
3tdc
3
3
3w
3
30
350
345930n
34
34
347
330km
337
3
3
343
3mph
347km
348km
3605n
36
36
3
3
3
34
34
340
3
3
38n
38n
38
30
3
3
3
347
39
31
3
3
3
3
3rd
3
30
32
3
37
35g
345423
34
34
30
3
31
3
3
3
3
3
39
30
3
3
3
3
31
3
3
31
3
3145
30
30
3
3
38km
33957e
3
3
3
30
380832n
38
38
3
3
358
3mi
3
3
30
30
32m
3
3
3
360
3
3
3
3
395730n
39
39
3
36
3
3rd
3
30
3
3
31
32
33
3
34
35
36
3
340
3
3
3
3
34
3
3
3
3
3
3
3m
3
3
3
3
3
3
300
3
3
3000
300
3
300
3
3
3
31
3
3
31
3
32
31
3
3
30
31
31
35
3
35
30
32
32
30
31
32
33
34
39
35
36
37
38
386
39
3
3
3d
3ds
3
3
3
31km
3
3
3
3
30
30
31
32
33
34
35
32
33
32
33
32
33
32
33
36
37
38
39
38
38
3
370
3715n
37
37
3
3
3
395659n
39
39
3
35th
3
30
31
3
32
33
34
35
36
3
32
37
38
39
3
3mi
32
32
39th
3
34th
30
3
3
3
3
34
316
316
316
316
316
316
394
316
3
3
347
30
3
3
307
307
3
30
30
3
391
3
3
30
3rd
39
3inches
386
3
3
3
3
3
3
3
3
3
30
360
374
3
3
3
311
338
3
3
3
361
3
3
3
3rd
3
35
3
30
32
3
37th
33rds
36th
30th
36th
34th
30th
35
35th
3rd
3
32
3
3
3
3
3
3
32
3
3
3
3
3
3
30
30
3
3
3
3
3
31
3
31
3
30
3
3
375499n
375499
3
3520s
35
333s
35
333
32
308045e
308045
33
3
3
33ft
39km
36
372
3
300
31
33
39ft
3
30ft
3
35635n
35635
30m
3
3
3
3
3
33
3
33
32a
30
30
3
31in
390ft
3
390ft
3
31in
3
3
3oz
3
3
3
38
36
30
31
31
3
33
3
3
3
3
3
3761
37
37
3
3rd
34
3
300
3
3
335
36
30
3
3
3
3000
3
3000e
3
3
3000
3
3098cc
3412cc
324kw
3
3
3
3
3
3
3
3
3
3
3
3
3m
3
30
30
350m
36th
3
34in
34in
31
34in
325
33km
31
34in
31
30
3ft5
364km
31
31
31
31
3002
3003
3005
3006
3007
3008
3009
3020
3021
3028
3546
304
3
3
33
34
3
3
3
3
34
3
30
31
3
393112n
39
39
39
3
3
3
30
35
31
37
3
3
3
3
3101
38
3
37
34
3
3
320
3km2
361329n
36
36
3mi
3
334722n
334722
3
3
3
3
3
373743n
37
37
3d
3
3
35c
30
3
36
3
39
38
3
38
375
3
3
3
3
31
3
300
3
3
3
320
320
3
30
31
32
33
34
35
36
37
37
34
37
38
38
37
39
35
30
318athletes
3
32
3
3
30ft
36
387
3
3
30
38th
32
35
37
31
31
3
3
3rd
30th
31st
32nd
33rd
34th
35th
36th
37th
38th
39th
3
3
3
317e
317
3
3
31
3
3
3
3
32
3
37
37
313
30
3
36
3
31km
30
31
3
3
3
34km2
3
3
35
3
3
3
3
30
39
35
32
32
3
36
3
3
34
3
3
3
38
31
3
3
3
3
3
3
3
335
336
336
337
337
360
360
3
30
3
33
3
3
39
3
39
34
303
3
3
3
3
360
3
3
30
3
3
35
37806e
37806
30mi
3c8x
3czu
3fl7
3hei
3hpn
3kka
3mbw
3mx0
3skj
3
3
32313
37w
3
3870472w
3
3870472
3
35
3
3
340
3
30
3
30
31
32
33
34
35
36
37
39
378
320th
30
3
300
3
3d
3d
3
3d
3d
3ds
3d
3d
3d
3d
37
3
355n
355
3
3
3000
3rd
3
38th
31st
3
3
3
3
30
32
3g
3g
3
30
30
3
3
3
3
3
3
3
3
300
385512n
38
38
3
3
3rd
3
35ft
350
3
30
36
39
3
30
34
34
37
30
339
30
3443n
34
34
3
3
3
3
300mm
3
3
34m
3
31639e
31639
3
3
3
3
3ihy
3ls8
3
3
3
3
3
3
3
3
3
3
34
30
3
33
31
3
3
3
3
3
354
355
33
3
3637
3
30
30
354
37
30
30
30th
30
30
30
31
32
33
34
35
36
37
38
39
30
355
354
33
34
32
33
33
34
32
33
3
30
3
3
3
3500
30
368
390
3
3
3
30
3
36
30
366
3
3
3rd
3
30
3
3m
345ft
35
3
34
3
3
34
3
3rd
33
3
37
3
3
3
32
32
372113n
37
353488n
37
353488
3
33
31
3
30
33
30
31
32
33
33
34
35
3
3
3
35mm
36
321
300
307
3
394
3
31
35
3
34
374
3
30
34
31
38
30
32
383
37
329
336
34
320
3
379
3mi
30
3
38
30
302
32
3
35th
35
3
350
3
30
3
3
3
3
3
3
3
3
3
3000
3
3
36
3
30
3
30
3
344
365
375
303
3
3
33
3
3e
3e
3
3630n
36
36
3
3
3
366
341
3
30
30
32
392
368
3
30
3
3
30
30
31
32
33
34
35
36
37
38
39
37
30
3
3
300captured
3
30
3
31
3
3
38
308
30
30
30
357
30
30
308
308
3
3
3
3
303
3
3
3
3
35
3
3
3
31
3
3
3
30
31
32
33
30
34
35
34
36
37
38
37
39
32
34
3
33
31
30
3n
3
30km
3
30
303
3
3
3
34
32
312
3
3
3
3
3
331
32
340
3
359
30
31
32
36
37
38
39
3
39
3
3
3
340
3
3
30
30
31
3
37
30
3
3rd
33
365
3
39
335
3
3
3
3
3rd
3
31
3242mm
3
300
30
30mm
3
3
3550
3
30th
3
361033n
36
36
34504w
3
3
3
3
3
3ft6in
3379
35
32
3
3379
3379
3151
30
3379
3379
3379
35
32
3
32
3
3
3
3
3
3
3100
350
3
3
3
3
3
3
3
3
3
30km
3
3
3
3
3
320
386
3
3
334508n
33
37194w
33
37194
30
35
30
360
30
30
3
30
32
32
3
30
3rd
3
3
342
376
3
3
3
32km
3
3
3
353
30
31
32
33
34
35
36
3rd
30
3
3
3
35
3
3kstatic
3
3
3fm
3fm
3
3fm
3
3
3
3
3fm
3fm
3fm
3
30
3
3
3
3
3
337
344
304
31
35
38
39
3
3
31
30
32
33
34
35
36
37
38
39
3
3
3
30
30
3
30
3
3
3
3
3
3
3
3
3
3
3
3
360
31376n
31
31
3
3
3
34th
3
3
3
30
31
31
3
34
3
32mi
3775n
3775
3
3
3
3
3marie
3
37222n
37222
32
32
38400
300
35
3
3
3
3
3
3
30
3
3
3
3
3rd
3
3
32
3
3
3
30509w
3
3
3
3
3
3
3
37
35
3
3
3
379
39
39
379
36
3
30
37
31
34mi
3n
3
3
30431e
3
3
34
3
3rd
34778n
34778
34w
35567w
35567
33km
30
30
31
30
3
34th
34th
3
3
3
35
3oz
35in
3134
3
3oz
3
3
3
32
38
3
3
3
3
30
3
30cm
3
3
3
3
3
300
3
3
3
3
39
3
30
3
3
350
350km
380km
3
302
380km
380
300
350
350
350km
380km
380km
302
3
34
388km
30
355km
3
3
3
3
3mph
3
3mph
3
30
31
32
33
34
35
3kw
344109n
34
34
312427n
31
31
31
374
31
38
34
39
3
3
32
312427n
31
31
3
3
3
3
36th
3
3d
3d
3d
3d
3
3
3
3
3
37
3
3
3
3
3
30
3n
3
38th
3
3rd
30th
31st
32nd
33rd
34th
35th
36th
37th
38th
39th
3rd
3rd
3rd
301st
302nd
303rd
3rd
30th
33rd
35th
36th
39th
3rd
38th
3rd
30th
39th
3
3543n
35
35
3
30mg
31mg
3
30
3mi
38
31
31
3
30167e
30167
3
3
33mw
3
35m
3
3
3
3
3
3
3ft
3
3ft
300
3
39in
30
30
31
32
31
33
34
34
34
35
34
34
34
34
34
30
34
30
30
31
36
37
37
37
38
39
37
37
3
3
30
3
3
3
3
3
3
360
308
311349n
31
31
31
358
348
32
30
34
33
33
3
3
32
30
3
31
34
3
37
3
3
3
36
38
3
35
312
34
30
30
30
3
30
30
36
351
31
3
3
3
3348n
3536e
33
35
33
35
3
3
30
354012n
35
35
31
3
3973
3
3
3
3
3
3
380955n
38
38
383448n
38
38
320
383307n
38
38
300
350
383535n
38
38
383536n
38
38
37mi
3n
3
3
302
322
322
30pm
30pm
3
3
3
3
323
392
305
37
3
350
31
3km
340
3
3
31611n
31611
33
38
39
38
38
3
3
3
3
3
33mi
30ft
30
3
3
3
3
3
30
3
3
30
34mi
3
31
3
3
3
3
3
3
3
3
300
3
375273mm
36
3001
3634
3
30
35km
31
31
3
3mi
3
3
3
3
3
3
30
3
3
3
3
350
3
34
3
35w
36th
3
31mi
360
3
35e
35
3
3
3
35
35
30
31
32
33
34
35
32
36
37
38
39
34
3
36
3
3
30
3
3
31
34
35
3
32
38
30
31
38
3
39
37
3
3
31
3
3
3
30
30
31
3
34
300
3
3
31
300
3
3
3
311
37
3
360
32
30
31
3
3
3rd
3
3
3
38th
3rd
30
31
3
3
3
3
3
3
3
3
3
323814
345604
32
34
32
34
31
30
31
32
3
3
3
31
3
3
3
3
38
38th
3
3
30
3
3
37cuin
34mpg
3u
3impgal
33
30
3
31cuin
3
37mph
3
30
3
303
3
356ft
3
35
3
300
3rd
300
3
3
31
350
3
32919w
3
3
3
3
3
34
30
30
31
32
33
34
35
36
34c
38
39
38
38
3
3
3
34
3
38
3
3
3
3
3
31st
32
3
3
30
3
3
3
337
3
342
34
34
31
3
3
35
33
3
3
394629n
39
39
35
38
3
3
31
396
3
3
352
30
39
33
32
3
3
371
3
3
3
3
3
3
366543n
317809w
395n
395
300
3
3
3
3
302
3
3
35e
32
3
38
36
31
3
3
32
36
35
30
3
3
3
3
375629e
375629
3
30
32
38
3
30
32
35
3
3
3
3
3
3
3
32
31
3
329
33n
398sqmi
3
3rd
35
3mi
329
331228n
33
33
388
3
30
30
3
3
30
300
30
3
3d
3
3d
3d
3d
3d
3d
3d
3d
35
300
3
3
31
31
30967
3648
34
3
3
3
3
3
3
3
33
30
31
32
33
35
34
35
3
30
3
3
3
3
357
31december
3mi
3
3
3
3
3000
39
3km
3
3
30
3
30
3
31
31
32
315328s
31
31
3
3
3
3
3
3
318
318
3
3
3
3
31389e
31389
3
3
3
3
37
39
3708e
3708
36124e
36124
3
31
3
3
35km
3
3
3
31
3
3
3
35n
35
3
399
344
345
3
3
3
3
3
302084
3
31
39m
38
340kw
31in
3
3
3
3
3
3
323d
323d
30
38
3
30
30
30
30
3
300
3
31
3
30
30
3
3
30
3
3
3
3
3
3
3
388
37th
32
30
32
30
31
3
38th
3
30
31
37
30
30
31
3pm
33
35
31
31
35
387
362508n
36
36
3
3
3
3
3
3
30
3rd
300
3rd
33
3
3
359
3
3rd
3902e
39
39
32
32
3
3
3
38km
3667n
3667
35e
35
3233
3270
3
3
3
366th
3
3
3
3
3
36
3
3
3
3
3162km
33
31150km2
35
30kg
30
3
3158e
3158
3
3000
3d
30
31
32
33
34
35
36
37
38
3
31
3
3
3
30
3
30
3
30
30
3
30
31
32
33
34
35
36
37
36
35
38
39
360
3
300km
3
3
3
3
34
300km
345c
33
3
30
31
3
35667w
35667
356533
3km
3mi
35
31
33
31
3
3
3
31
37
330
31
38
31
3
3
3
3
3255
32560n
32
32
3
3
3
3
3
3
3
30
334912s
33
33
3
30
359
3
389
3
3743n
3743
3
3
3
3
3
300
36
39
39
3
35
37
3
33
31
3
3
3
3
3
3
3
3
3
3
39
38
3561
3561a
3561b
31
3
3million
3million
34m
301w
3
3
3
3
3
3
347
31
3364
3722s
37
367s
37
367
3
3
3rd
31
3
3
3
3
3
311km
3
3584km
3
373rd
33rd
3rd
30
31
30
32
33
34
35
3
3
3
391
391
3
390
3
3
3
3
35
3
3
3
30
3mi
3
35mi
331
3
3km
3square
3
331
3
383
3
38
3
31
39
31
35
33
34
39
36
3
3
3
30
30
31
32
33
375
3
358bc
3
355
354bc
353bc
3
3
323
3
30
3
30
33
3
36
30
36
3
3
3
3
3
300
35
30
3
30th
3
3
328
3
3
30
31
32
33
34
35
36
38
31
3
31
3
30
31
32
36
37
38
39
3
31mi
3
3
3
3mi
31
3
300
30
3
38
33
3
3
3
300
33
366
368
3
3
3
3
3
3
3
3
31
31
3
31
3
3
3
365
300m
32
368
3
3
30
36
3
3
3
3
3rd
38
305
3
380km
300
330
314km
326km
38
305
3
380km2
3
30
30
30
3
3
3
3
3
30
39
3
36
3
3
30f
3
39th
355047n
35
35
35
3
33
3
36
3
3
34
3
37
3
3
33
35
3
35
35
3
3
3
3
3mi
39mi
37ha
3
3
32
388
30th
3
3
30
30
31
31
3
3
31
3
36
3
3
37
34
31
31
30
33
3
3
3
3
3
327
3905n
39
39
3
3
3
31
30
30
3
30
3
3
33
3
330829n
33
33
33
33
3
306
39
31
38
3
35
33
3
34
35
33
38
310
3
3
3a
30
3
3
3
300
3
30111e
3
3
3rd
300
30
3
3
30
36
3
36
327
34
34
350
3
380mm
38
33
3
32
36
3
341153n
34
34
3
3
36
3
3
3
3km2
31
3
38
37
35
388
3
3
3
3
3
3
3
3
3
32nd
3
330ft
3
30
3
3
3
3
3
3
30
31
3
3
3
321456n
32
32
3
3
3
3
325835n
32
32
32
30
31
31
3
39
30
30
3
3
3
31
3
3
30
3rd
3rd
3rd
3rd
3
3
30
31
32
33
34
35
37
39
35
3
365
32
35
36
35
34mbit
3
3
3
3
385332n
38
38
373447n
37
37
3
300
30
3
30
30
375
3264e
3264
33
3
3
3
3
32
30
3
3
30
31
32
33
34
35
36
37
38
39
32525n
3
3
30
3mi
31
32
33
34
35
36
30
37
38
39
33
350
30
3
303
300
32
3
300
3
36
37
3
3
3
30
31
3
38
3
300
3
3
3
30
36
36
3
3
3
3
3
3
3
3
3
3
3
300
33
32
30
3
3rd
30
332
3
31
3
33rd
37th
385
374
3
35
3
30
3
3
37
37
350
300
37
300
3
37
30
3
3
309
309
3
300
30
3
3
3
31313n
31
3025w
31
3025
31
302409
36
323
38
3
33
30
3
38
32
310313n
31
302409w
31
302409
3
3
37
30
3
3rd
33
365
3
3
350
3
30kilometers
30
3
362
3
3
3
33
31
3
3
30
3
3
33
33
364
3
300
35
333
3
3
3
39
3july
34mi
311244n
31
31
3
3
32
33
3
3
31
33
3
31
3
394344n
39
39
3
31
3
31
301
3d
3d
3
3
3644e
3644
33rd
3rd
3
3
3
3
31028n
31028
32
3
3
3
32
3
3rd
3
3
3
3
3km
3
3
354335n
35
35
3
3
3
30
3com
3
33
3
333333e
333333
310inches
316inches
3
3rd
3
3
3
36
3
3
3
3
3
39m
3
30
3
3
3
3
3
3
3
35
300
3
3
3
3
3
3
3
3
3
3
3
315328s
31
31
3
3
31
3
3
3
3
3
3
30pm
3
3
359
373
35
380621n
38
38
3
3
3
30
3
3
3
3
3
3810s
38
38
30th
3
30
3
39778s
39778
3
3
3
31
3
313
3
3
313
3
371242s
37
37
3
3
3
3
30
350
3
39
38
355
32
32
32
32
38
3
3
36
3
3
3
3963
39
39
333333w
333333
30
33
3
3
3
342153n
34
364603n
34
364603
3
3
3
3
3
3
3
3
35
3kg
3
3
3
30
3
3
30
32
30
30
3
3
3c
3
3
3
3
31
349
3
3
3
3
3
38639n
38639
3
3861a
3
3
3
3
3
3
37
30
30
30
3
3
30
30
30917e
30917
31
3
3
300
3
32
3
3
3
32
36
31
31
30
30
3
3
321
374
37
30
30
31
32
3
33
34
35
385645n
38
38
3
32
30
340
30
30
3
3
3
3033n
30
367e
30
367
3
3
3
393n
393
3
300
3d
3
35
3
3
37
36
35
38
389
30
3
35
3
350
3m2
3
31639e
31639
3
3
3
302358w
302358
3
3
3
35
34
34
3
3
39
375
3
3575
387n
387
30
3
392
3
395550n
39
39
3
32
3
3
3
3
3
3
3
3
3
3
36
3
3
30
337
373
3
30
3
3
3
3
3
300
3
30
3
3
36
3
3
3
3
3
3am
34km
3
300
3
3
30
31
3
3601
33944w
33944
3
3374
3
3
3
3
3
3
3ball
3
31
38
300
30x30
32
30
3
3942s
39
39
3900km
3
3
3
30
30
31
32
33
34
35
36
37
38
39
3
3
30
3600hp
3
30
3
3
3
3
3
3
3
3
3
3
39
3
3
3
3
300
325th
3
3
3km2
379
36
33
3
3
3
31
31
3
31
31
3
30
3k
3
3k
3rd
3k
3k
3
3k
3k
3
3
3
3
379
332
31
30
3
3
31
3
3
3
3
37th
3
3
31
3
3
37th
31
3
31
364527s
36
36
3
30
31
32
33
34
35
36
3
3
3
3
3
332
306
3
3
3
3
3
3
3
343
3
3
3
3
3
3
346
302km
3
311
3
3
3
3
3
3
3
39
3
3
3
3
374
360
3
30
31
32
33
34
3
3
369w
369
33
374132n
37
37
37
3
37
39
3
3
35
36
31
3
370m
355
3245mm
317e
317
3
38
3
33
32
35
31
35
32
39
34
38
3
394846n
33434e
39
3
39
3
38
3
3
32
3
3
30
31
32
33
34
35
36
37
3
3
3
3
350438n
35
35
3
3
3
350
373
30
31
32
33
34
34
35
36
37
38
39
3
3
3
3
3
39
30
35
31
3
38
31
3
31
31
3
3
3
3
391
397
3
315th
315th
31
32222s
32222
3
30
37
3
3
32
3437
3mm
3
31
3
3
3
3
3
3
3
39
3
360
3
3
3
3
39
3
3
3
300
37361111e
37361111
32
3
3
3
31
3
3
30
30
3
303w
3
3
3
3
3
3
3
3
3
3
33
3
3
31
3
3
3
3
3
3
31
31
3
3rd
30
3
360
380
30
3
331
3
39
3
3rd
32
38
35s
35n
3
3
3
3095
34m
30
35
3
3
3h3yesy
3
3
3
34mm
3
3
3
3
3
30
3
325
3
362ft
3
3
3d
3
300km
3
3
3
3
3
3
3
3
3
3
3
3
3sqmi
38km
3july
33n
33
3
3
3
3
3
3
3
31
3
3
30
373144n
37
37
31
3
31st
31st
3
3
3
3
3
32
3
3
38
39
306
32
3
3
30
3
38th
3
31
38
3
300
3
37
353
37
37
3
32
34
3
361815n
36
30417n
36
30417
39
3
3
3
32
3
3
300
3157
3
3
3
30
3
3
3
3
30
3
3
30
3
372
32306n
32306
30
3
3000
3000
3
3
3
3
31
3
3
3
3
395
37
3
3658
3
395
320km
3
3
38
3
3
37
3
35
33
3
34
3
38
3
3
37
31
3
32
3
37
30
31
3
3
30
3
3
31
32
30
30
3m
3
30
3
3
300
3
30
30
31
32
33
34
35
36
37
38
39
3
3
30
3
3
3
3
3
3
3
3
3
3
3
3
3
360mm
3
31
3
360
3
3
3
38th
30
31
32
33
32
34
35
36
37
37
37
38
39
3
333
3
38
3
306
3
30
31
32
33
30
34
35
3
36
37
36
38
30
39
3
3d
30
31
32
33
34
35
36
37
38
39
3
3
3
34
30
3
3
3
3
3
39
393449n
39
39
31
3
30
385028n
38
38
3
35
3
32194w
32194
301w
301
301w
301
30
3d
3
31
3
3
3
3
30m
362511n
362511
3
33
3
30
358mph
33rd
33rd
3
3
31
34
3
3
3
332346n
33
39611n
33
39611
33
396248
3km2
374
31
34
31
3
3
36
330
30
3square
3
3
32
34
30
33
3
3
34
34
350343n
35
35
364324n
36
36
3
3
3
3
3
3
3
3
3
3
3
3
3
3
3
3
3
3
3
3
3
3
3
3
3
3
3
3
3
3
3
31
30
3
30
300
32
31
3rd
3rd
3rd
3rd
3rd
30th
30
31
30
32
33
3rd
34
3rd
35
36
35th
37
34310w
34310
37417n
37417
3
3
342333n
342333
3
31
36
3
3
360
3
3km
30
3
3
30s
3
32
3
3
3
30
34
30
3
3
32
34
3
3
3
3
3
3rd
300400
3
31
35mg
315
300
30
33
35
36
37
3
3
3
3
30
3
3
3
3
3
3
3
3
373821e
37
37
3
3535
335
30
3
3
3
3
3
3
3
3
3
30
3
3
3
3
3
3
34
3
35
3
3
3
39
39
3
3
3
3
3
374
38778
3
349e
349
3
3
3
38
38
3
31
38
30051w
3
3
3
3
3
3
3
3
38
3
38694n
38694
3
3rds
3rd
30
3
30n
30
3
3
30
3
38
3
38
3
372
36
3
384940
38
38
3
3
3
3
3
3
3
3
3
3
31
33
3
3423
3358n
33
33
3
390
3
3
3
3
331
3
38
38
38
3
3
32
34
39
304
35
329
3
3b
30
3
3
31
3
3
3
3
3
3
3
360
39583e
39583
3
375ml
300
3635w
3635
3rd
31
3
30
3
3
32
32
3
3
31mph
37mph
3
3000v
30
3
31
3
3
3
358
395712n
39
39
3
33
3
3
30cm
3
314
383n
3e
383
3
3
3
30
3
356
38
3
3
3
3
330
360ft
3
33917n
33917
3
3
3
330ft
31
3
3
34th
3
3
374937s
37
37
33mi
34mi
3e
3
3
3
3
3
3khz
362
30
387
30th
3
3
33139
3
39
3
377
3
31
33
31
3
3
31
3
36
3
3
35
36
335221n
33
33
3
3
32mm
30
30219e
3
3
3
31
30
3
3
3
3k
3
345736n
34
3444e
34
3444
3
3
308
3
30
30
340
31
32
33
34
34
35
36
37
33
34
38
39
3
38
35559
36
3245mm
3
31
30
32
33
34
35
36
37
38
39
3
30
300
3
3
3
3
3
30
30
3
3
33rd
3
33rd
3
3
3
3373382
35mi
3rd
3
3
343921
34
34
3
3
310th
39
38
38f
38gs
309th
310th
312th
301st
310th
319th
320th
321st
340th
376th
31st
33d
324th
325th
332d
350th
3d
313th
314th
316th
3
300
300
30th
3
31
3
3
3
30
3
3
3
3
3
350725n
35
35
3829n
38
38
31
30
3
31
3
3
3
3
313
3
3
30ksi
3
3
3
3
3
3
3
3
30
3
3
3
3
3
3
3
3
3
3
30
31
31
30
30
32
33
384
34
35
36
37
38
31
3
35
3
30th
33647w
3
3
3
3
3
3
3
3
3
34w
3
32667e
32667
329
317e
317
3
3
3
3
30
3
383e
383
3
3
3
30
37
30
31
31
32
33
34
34
34
35
36
34
34
37
38
39
3
35km
3
3
3
32
340
375
312
312b
312t
370b
371
3
30
3
3
37
3
3
3
3
3
3
3
3
3
3
33
300
35
35
3
3
33
3
3
3
321
3
3
30
3
3
3
3
3
3
3
3
30
30
3
3
3
32
3
3
33
349
3
3
380
3
3
3
31
3
3
31km
38
3sqmi
3
381
360
3
33mi
3500e
3500
3
3969e
3969
3
3
30
3
3
3
316km2
300
3
3
3
3
3
3
3
3
30
300
366
3
365
3
3
37
3
38
336
37
3
303
3
37
32
3
3
3
3bbb
3bbb
3bbb
3
3
3
378
3
3
38611n
38611
3
331e
331
3024
3024
3
3
3
3
33
36
31
30
37
336
30
3
30
3
3
3
3
3
318092w
318092
3
3
354138n
35
35
3
3
30
34
3
3
3
30
3
3
30
3
3
3
3
3
31
3
308894n
308894
3
3
3
3
3
3
31
30
31
3
3pm
3
31
3
3
3rd
3
3
3
30
3
3
30
31
3
32
33
37
3
31
30
3
39
3
336
3
35
3
3
38
358
38
30
372
32km2
3
3
303feet
38m
37cm
3412inches
3412inches
3
3
3
397
31
3
3
3
3246
3246
3246
3
3246
3246
3246
3246
34th
3
360
3
31
30s
30
3
3
3
3
3
3
3
3
3
306th
312706w
312706
3
3
3
3
3
3
3
3
3
38
38
3
3
3
34111e
34111
3rd
30
3
3
3
30
3764n
3764
3po
3po
3po
3
3
3
30cm
3
3
3
3
3
3
3
3
39
3
30mm
331
3
37
30mm
3
31
3
3
3
3627e
3627
32
300
3
3
3rd
3rd
3
3
31km
38
38
30
30
30
32314w
3
387273w
3
387273
3
3
3
37
35
30
3
30
3
3448n
34
35e
34
35
31
321
3
31
3
302
3
34
3
3
3
3
385311
38
38
3km
3
39
38
30
3
3
389
36
3
3
3
3
3aw
335027
32e
33
33
33
32
31
39
3110e
31
31
3110e
31
31
3
3
3
3
3
3pm
3
3pm
3
3
3
3
3
3
31
301
3
3
30
30
3
3
3
3
3
38
30
31
32
33
34
35
36
38
39
3
3
3
3
3
3
31131e
3
3
3
3
3
31
33am
3
35km
31
3km
3
3
323853n
32
32
3rd
3
3
351748n
35
35
30k
3
38
3
30
3
3
3
30
3
32
3
3
30
3
3
3
30
3
3
3
34167n
34167
3
345646s
34
34
3rd
3
38
3
3
3
3
39
3
3
3
3
3
3
3
3
3
3g
3g
3
32ep
31
3
35
3
37
3
3
367n
367
3
3
3
3
3
3
30
31
32
33
34
35
36
37
38
39
300
301
302
303
304
305
306
307
308
309
310
311
312
313
314
315
316
317
318
319
320
321
322
323
324
325
326
327
328
329
330
331
332
333
334
335
336
337
338
339
340
341
342
343
344
345
346
347
348
349
350
351
352
353
354
355
356
357
358
359
360
361
362
363
364
365
366
367
368
369
370
371
372
373
374
375
376
377
378
379
380
381
382
383
384
385
386
387
388
389
390
391
392
393
394
395
396
397
398
399
3
30
300350
39
31
3
39361e
39361
31
32
3
38
30
31
32
33
34
35
36
3
3
32
3
300
300
32
3
3
302
35
3107v
3
3
3
3
3
3
3
33nm
3
30
3
30
31
32
33
34
35
36
37
38
38
32
3
3rd
3
3
3rd
3
34
3
3
3km2
397
302
338
37
31
30
3
30
30
38
352
36
317
31
354
30
30
3218n
32
30n
32
30
390
3
34
3
3
3billion
3
3
3
3
3
35
3
362
3
34
30
3
36
32
39
3429n
34
34
32
31
3
3
341c
3
30
3
3
30
30
3
36
3
3
3
3
3
3
36
32
3
3
300
30
3
3
36th
300
31
3
3
3
3
3
3
3
3
3
3
3
31
3
30
31
32
3
34
3
3
3
3
3
3
3
300
3mi
37km
38mi
377
3rd
370
3
331
363
3
363
3
3
371604n
37
37
3kw
3
3
30
3
300
3
36th
33
3
32
3
3
3
3
3
3
3
3
3
3
3
3
3
3
300
3
3
3
3
3
300
3
3
30
3
3
325
3
35
3
35
30
3
30
30
3
34kb
30
30
374341
37
37
3
334014n
33
33
300
3
3
3
3
3
3
3
3
320
3km2
320
3km2
36
34
3
30
38th
31
38th
32
33
34
35
36
3rd
3
37
37
38
39
3
3ablpprod
3a
3
3
3
30
30november
30
30am
30
306pm
3010
30
305pm
3
31559e
3
3
3
3
37
3
3
3
3
3
30
30
3
30
31
32
33
34
35
36
37
38
38
39
33
376
31
3
31
3
3
3
3
3
30
3metres
3
30
3
37651n
37651
3
3
3
3
3rd
30
31
3
30
3
3
3
3
3
3
3
3
3
38
30
3
3
3mi
3
3
32nd
3
3
3
3
3
30
32
3
32
3
32
3
340
32
32
3109
30
37
37
3764
31
32
33
34
34
3
300
3
3
32
3
33
3
3
3
3
3
3
34m
3
3
35
3
35155w
35155
3000
3
392315n
39
3875n
39
3875
3
33722n
33722
337233
3
3
3
30
3
3
36
32
39
35
313
3
3
3
3
3
39056e
39056
30
3
3
3
3
397ft
3
32
367e
367
3
3
30
3
32
3
30
3
3
3
3
33
3
3
3
3
30
3
3
30
32
3
3
340
3223e
32
383e
32
383
350
3
30
3
3rd
31
3
3
30
30
3
3
3
35
35
31
3
30
3
33
30
33
3
3
3
3
3
3
3
3
3
30
3
32
32
33
34
34
34
35
35
35
3
3
30
33
32
34
3
34
37
37
32
321
34th
34th
30
32
31
3
3gal
3
3gal
3
3
39c
3
3
3
3
3
37lbs
3
3
3
32nd
30
341421n
34
34
3
399
3
3
33
35
30
317
3
344
3
3
3
3
3
3
30
30
3
300
3
3
3
323
374
3
3d
3d
30
30
300
300
3
3
3
3
354320s
35
32389e
35
32389
30
30
3
35mm
30
3
3
33am
3
30km
38
3
3
3
3
3
3
30
31
32
33
34
35
36
37
38
3
371548n
37
37
32
318
315328n
31
31
3
31
3
30
30
37
3730s
37
37
33
3
3
3
3
300
3
3
3
30ps
3
30ps
3
32ps
3
3
36
35
318
30
37
3
31
32
333
3
3
3
30
3
3
3
3
3
3
36
3
31
31
38
3
3
31
3100
3
39
38
30
31
32
33
34
35
36
37
38
39
30
39
3
300
3
3125n
3125
3
3
3
3
3
3
3009n
30
30
3
3rdperson
3rdperson
3
36
30
3
3
3
3
3
3
3
3
3
3
30
33
35
32
38
30
30
300
3
358
35
3
3mi
3846
3
3846
3
3549
3050
374437s
37
37
30
31
32
33
34
35
36
30
37
38
39
3
3
31
3
3
3
3
3
3
3
3
3
3
3
3
301
301
301
37
36
3
360
310
3
301
301
301
300
301
301
3506n
3506
3
3
3
30km
31mph
3km
30km
300km
31km
30
31
32
33
34
35
36
37
38
39
33
3
30mph
32km
30
37mph
31mph
37mph
31mph
3
318
31
373367w
31
373367
3
3
321041n
32
32
32
3
3km2
3km2
3
31
310
369
3
3
33
32
33
3
35
31
3
3
36
30
33
32
3
3
3
321454n
32
32
3
3
3
3
31
31
3
3
33
375022n
37
3785w
37
3785
30
3
3
31
3
3
3
3
30km
3
31
30
31
3
3
3
3
3
3
3
3
34th
3
3
3
3
3
31
34
38
3
3
357n
357
363
3
31
30
3
3
3
3
3
300
3rd
3rd
3rd
32
32
3
3
3
3
32
3
3
3
3
300
3
3
300
31
3
3
3
3
3pm
3
30
3
3
3
3pm
30
31
3
3469361n
3469361
3
3
300mm
35
3
3rd
3
30
3
390
30
3
30
3
30p
3
30th
315n
315
30am
3
3
3
3
3dtv
3
39
39
3
300
3
3
3
306
3
3
3
3
35
3
3
390
336
3
3
30
377
3
35
3
393852n
39
39
30
300
3
3
3
35
3
3
3
3
30am
30
3
39
351
370
3
31
30
30
3
3rd
325ha
3
3
30
31
32
33
34
35
36
37
38
3
31
30
3
3
3
3
350meters
3
306
373035
37
37
30
3
3
3
394
3
3
3
3500
3aln
3
3
3
3
3
31
35
320
365
35
30
3
365
35km
34
391
381
358
329
3543
3
300
30
3
3
320
3
3
3
3
3
39528n
39528
300
31
3
3
3
32
38
3
30
30
31
3
3
3
301st
301
35007
35007
35007
35007
35007
35007
35007
35007
3
3
36th
36
36
36
36
36
310
36
30th
36
36
36
36
36
36
36
36
36
36
3rd
36
36
36
36
36
36
36
36
36
36
36
36
36
36
32
36
36
36
3rd
3
3
3
3
3
3
3
31
31
3
34472e
34472
31km
33778n
33778
39
35
32
35
3
3
3
31
38
3
31
333
35
301
394400n
39
39
30
3
30
3
3
3
3
3
3
300
33
3
3
3
3
3
3
36583n
36583
3
3000
3rd
3
349
374930n
37
37
3
3
3
3
3
3
300
3
3
3
3
31
3
373711e
37
37
3
30
3
3
30111e
30111
3
37917e
37917
36
3
3
37
30
30
31
32
33
34
3
3rd
369th
30
32
3
3
32
32
32
33rd
32
32
33
3
3
3
37mi
30014w
3
3
35
3
33
30
3million
3
3
39
3
347
30
30
3800
30
31
32
36
33
34
35
36
37
38
39
3
3
3
33
3mi
32mi
3833e
3833
30
30
3
300
3
39mi
36
3
3
30
303106
300
3
3
342
3
31
3
30
3
3
3945n
39
39
3
31
3
39
32
3
3
3
32
30
39
30
31
32
33
33
34
35
36
37
38
38
39
32
3
31
3
30
35938w
3
3
3
38
3c
3
3
3
3c
3c
3c
3c
3c
3c
3
3
3c
3c
3c
3
3239
32
35
3
3
31333n
31333
3
3
3
30
3
31
3
3
3
33
3
3
3
3
3
3
3
3
3
3
32
3646
30
3
3016
3
350
3
3
31
3
39w
3rd
3
3
3
3
34th
3
31
3
3
3
3
35
32km
3km2
348
32
31
3
3
36
3
30
37
375
3
3
3
3
3
3
3
30
30
3
37
3
329
36
39
31
3
3
3
3
3
39
301
3
31
3
3
322
322
3
322
322
322
3389e
3389
310
310
310
32
3
32
310
3
3
3
3
3
3
3
31
3
3
32
3
3
345839n
34
34
3
32
32
3
36th
36
36th
36
3
30
3
3537
3
3
3rd
3
3
30
31
32
33
34
35
36
37
38
39
366m
3
3
35mm
36
3
3
300
3
301
3
30
30
3
31
3
3
30th
37km
3
30
30
3
30
30
30
31
3
32
31
30
31
32
3
3
33
34
35
3
36
37
38
39
30
30
30
30
3
31
3
38
30
30
30
30
31
3
30
31
32
33
34
35
36
37
38
39
31
354
300
3
38th
3
354
3
30
3
3
3
3
394
35
380
3
3
3
30
368
30
32
3
3
3
30
360
3km
365
3
320
31
359
344
3
344
344
3
344
391
344
3
3
32
3
3
3rd
3rd
30
31
32
33
34
39
30mi
3
30
31
32
33
34
35
36
37
38
39
3
35
30
39th
32
3rd
34610w
3
3
3
3
3h3yesy
3
3h3
391k
30
3
3
3
330
330904n
33
33
3rd
3
3
36
3
391952n
39
331n
39
331
33rd
3
358
3
330
30
3
387
300
3
3
3
3rd
3rd
30th
3
3
30
30
3
3
31
30
30
30
31
3
30
3
3
30
30
30
30
31
3
3
3
30
3
3
30
31
31
30
31
3
3
31
31
3
3
316
373602n
37
37
314
36
30
3rd
3rd
395
30
3
3
3d
3d
30
323
3d
3d
3d
3d
35km
3
350
37833n
37833
378219
3
391
36
3
38
30
36
3
3
325e
325
33
32
3
322
324
340
33
3
34
3
3
3
30
31
3
32
31
33
34
35
3
36
33
37
33
38
3
35320w
3
3
3
3
30
397
3
32
325w
325
3
39618n
39
39
39
307
3
3
3
38
3
3
3
385
3
3
3
3
3
3
3
3
3
3
3
39
30
31
31
3
30
3
31
32
33
30
34
35
30
36
37
38
39
3
33
30
30
3
30nm
3661
320hp
360hp
360
3
3
3
3
3
3
3
30
30
3
381
3
3
3m
3
3
3
3
30
3
3
3
3
325
30
3
30miles
32km
325
3
3
31
3
3
360
3
3
34278n
34278
3
397
361200n
36
3433291w
36
3433291
3
3
3
365
3
3
3
30632
3
3
35th
3
3
3
3
3
3
3
3
32
35
39e
3200
32
3
3
300
323539e
32n
32
32
32
3
335425n
33
33
31
3
31
3
3
3128
391547n
39
39
39
305
334
33
305
32
33
30
3
3
37
31
3
3
30
33
37
3
31583w
31583
30
3
3
3k
3rd
36
35
35s
3
3
3
3
30
31
32
33
34
35
36
37
3
3
38
39
38
36
3
35bp
300bp
30
35
30c
33
30a
3
35mm
3
3
3000
3000
3000
3000
3200
3500
31
3
3
3
3
31
31
30
32
350
3125e
3125
3
31
30
30
3
3
350
3
3
3
33
3
32
3
395
3
35
32
33
3
3
31
3
31
3
3
37
3
3
310
30
32
30
30th
30
300
3
30
30
31
32
33
34
35
36
37
358
38
37
301st
39
30
30
31
36
37
3
300
3
3
33
3
3
3
3
33rd
34th
31st
33rd
32nd
3
3
380
3
38th
3th
3071
3
3
3
3
33
3
3
3
3
3
3
3
3853s
38
38
3
3
3
3
31
30
3
3
3
3
310618n
31
31
30
31
3
3
30km
39
308
35
3
3
3
3
31
385
34km
3
3
3
30
31
32
33
34
35
36
37
38
39
368
325
355
396
300
300
30
3
30
30
3
31
3
30
3
3
3
3
390
30
3
3
3
39
3
3
33
3
35
3
3
31
3
39
39
3
3
36
38
33
310
31km
322
33
38
3
39km
3
3km
39
38
39
30
31
32
33
34
35
36
301
302
303
304
305
306
307
308
309
310
311
312
313
314
315
316
331
332
333
334
335
336
337
338
339
340
341
342
343
344
345
346
347
348
349
350
351
352
353
354
355
356
357
358
359
360
361
362
363
364
365
366
367
368
369
370
371
372
373
374
375
376
377
378
379
380
381
382
383
384
385
386
387
388
389
390
391
392
393
394
396
397
398
399
300
317
318
319
320
321
322
323
324
325
326
327
328
351391n
351391
3
37
363
368
38
364656n
36
36
3
3
363
35
39
35
3
3
30
3
3
30
3
3
30
3
35535e
3
3
3
3
3
3
3
3
3
30
3
300
30
3
34
3
32
3
3
34083n
36528e
34083
36528
33rd
3
3
3
3
3
350
350
3
3
3
3
3
300
30
3
3
3
35
30969
3
30
30km
33
3
35
38
32
31
31
34
31
38
31
30
37
30
31
31
31
31
32
33
33
3
34
35
36
37
38
39
31
3
3
3
30
3
3
3
3rd
365
3
341
341
364km
3
300a
3
3
3
3728
3
3
3324e
33
33
3
30
30
3
37
3
37
343
3
31
380
32
30
30
3
3
354128n
35
35
3
3
310
3
3
35
3
3
3
3
30
31
30
3
3rd
3
3
3
3
3rd
3
3
3
3
3
3
3
3
3
3
3
3
3
3
3
3
3
3
35
3
3
3
30
31
32
33
34
35
31
36
3
30
3
3
311658n
31
31
3
3
3
3
341838n
34
3105753n
34
3105753
3
3
3
3inches
3inches
3
31
30
31
36
38miles
30
3
3d
3
3
3
3
3
3
3
35
3
38
39
36
3
3
34
340
30
33rd
30
38
3
30
3
3
346w
346
3
3
37
3
300
300b4
300
31
30
30
30
30
31
31
31
31
31
30
31
30
31
30
31
30
31
3
30
30
380
300ers
35
300ers
3
3
31
300ers
34
30
30
300s
30
30
300s
30
32
32
30
31
30
300er
32
32
33
3
34
300
300
300
3
35
300
3
3
36
37
31
38
39
300
300
300
300
320
3
364
3
3
3
37
38
32
32
34
3
30
3inch
357
3
31
30
3
30
3rd
31
31
3rd
30
30
3
3
3
3
30
30
30
30
30
30
3rd
3
30
3
3
3
3254e
3254
31km
30
3
3
31
3
31
31
3
30
39
33
38
3
3
3
34
30
3
32
32
32
35
3
3
35
39
3
36
3
30
3
31
3
3
3
3
330cm
359
3
3
30
31
3rd
3
31
3
3
3
3p
3
320943e
32
32
3
3
3
3
3
350fm
3
32936w
32936
30
3018n
30
3n
30
3
361514n
36
36
300
31
3
33
32
3
3
3
34
36
3
31
3
30
37
3
30
3
3
3km
3
3
35
36
328
356
334
336
340
356
3
32mb
32mb
3
30000
30000
30
3
3
3
35
35
38
3
356
300hp
3
3
3
3
302
302
302
331
347
30
3
3rd
395
306337
314
326
318
328
340
340
397
367
395
383
388
350
38
30
30
35
31
353
30
31
35
30
30
32
341
3
3
3
3
348
302
3
3
3
3
3
3
31
3
3
34
3
3
31
3
350
3
3
3t
30in
3
3
30
3
37m
3
32
3
3
3xx
3
3
3
3
3
3
390m
3
30
31
32
33
34
320
3
3
3
3
3272
30
30
31
32
33
34
35
34
3
3
30
3
3
3669e
3669
3
3
3tards
3
3
30
30
300
320km
3
3
3
3
3
30th
30th
30
31
32
33
34
35
35
35
36
37
38
39
34
36
39
320
30
35years
31
32
33
34
35
36
37
38
39
35th
3billion
350
32nd
3b
3
3
3
3
3034mm
39mi
30
3
3mi
35mi
3
3
3
371
3
341
3
3
3
37
3
3july
3
3h
3
3h
319
321k
3
360
3
3
3
3
3
394437n
39
39
30
35
3148
31
31
30
315km
3
3
3
3
3
3
3
30
30
3
3
32
33
31
3
3
35
341
33
300
314
35
3
3
3
3
35km
3
35th
35th
35
3
30
35th
327
3
3575n
3575
3
3km
3
3
3
3
3
34
30
300
30
3
3
33
30
3km
398115n
398115
344
3
325
3
3
3
30
31
32
33
34
35
36
37
38
393948n
39
39
3
3
315
37
3
3
30
3
3
3
3
3
3
30
3
3547n
3547
31
3
300
30
35
375541n
37
37
3
3
3
30
38
333n
333
3
3
38
315
32
34
30
300
33
3
3
3
30
3
3rd
3rd
3
3
32
38
3
3
31st
3
3
3
3
3rd
3
3
349
31
3
30
3
3856e
38
38
3
3
321
3800
3
3
3
3
3
33km
333n
333
3204e
32
32
3
3
3
30
3
3
31
3rd
3
3
3
3
3
3
3
30
3
300
300
300
300
3
3
3
3
312
312
3
3
354391
3
3
3
3
3
3rd
3
3
30
36
3
37
32
36
32
3
3
3
3
3
3
3
33167w
33167
331626
3
302
37
3
30
3
35
38
31
3
3
3
314
3d
315
314
3
3
3
3
3
3d
3d
3d
3
3
3
3
3
3
3
3
3
3
3
3
3
3
3
3
3
368k
3rd
3
3
35th
3
3
3
3
3
3
39
3
3
39
3
350
3
3
3
3
30
3
3
30
30
30
3
3
3
3d
360
3d
3846
30
3
3
3
300
300
3rd
32
351ft
383n
383
331
3
30
30
3
3
3
37
30
30
3
30
30
30
31
3
3m
3
3
3
37th
30
3
32
30
3
3
3
315
32
325
3rd
3
32
390
3
390
3
3
3
3
3
330
3
30
387
3
37
3
3
3
31
3
31
3
3
3
3
3
30
31
32
33
34
35
36
37
3
3
320
30th
390
3
3
3
3
3
3
3
3
3
3
391
390
343
390
344
393
3
31
31
3
3
3
31
39
3
361
34
34in
300
30
31
301
32
33
3rd
385
3
3
3
3
3
321
38
3
37
3
37
3
3
3
3
3
3
3
3
319588w
319588
319588
3km2
38
36
3
3
3
3
38
33
34
3
39
3
3
3
372544n
37
35361w
37
35361
300hectares
35
3
32
33
3
332
38
3
3
3
3
3
3
3
3
3
3
385327n
38
38
3
3
32
31
38
32
340857n
34
37472w
34
37472
3
3
34w
3
30
300
3
3
3
3
3
34
3
300m
35
30
30
31
32
302
33
375
34
34
35
3
36
3
31
393
375
3
30
31
32
33
32
34
33
35
300
370
36
35
37
39
38
38
31
39
38
39
37
30
35
35
38
38
38
30
3
3
3
3
37th
303918n
30
30
30
3
3
3
3
32
3
3
30
34
389
30
30
3
3
3
3
3
34
3
3
3
3
3
3
3
3
3
3
3
3
3
3
3
3rd
3rd
30
3000
325358n
32
32
3
3
3
30pm
30pm
30pm
33413n
33
33
33
3square
3
3
3
33
34
31
3
39
3
311
334103n
33
33
3
31
3
3
3rd
3
3
3
31
3
3
300
3
3
3
3
35
318
3
32
38th
3
360
3
31
30
31
3
3
30
3
315
303
315
3950n
39
39
30mi
3
3
3
3
30
35
30
30
3
35406
35
35
3
3
3
31
3
3
3
3
31
3
30
31
32
33
34
35
36
37
38
38
39
37
31
31
36
36
3676
31
3
3
30
307th
353d
307th
353d
30
31st
35
35
3
3
3719822w
3719822
3
3
3
30
3
330
320
340
3
30
31
32
3
3rd
30
3
38
3
3
3
3
3
3
3
3
3
34
3
3
3
340
3
3
3
3
381
3
33
3
32
3
3
37th
3
3
3
300
395905n
39
39
3556w
35
35
3556w
35
35
3600
3
3
3
3rd
3
3
31
365
3
30
34m
34s
33
3
3
3
30
38
30
30
3
3
3
3rd
3
3
317w
317
373kw
3
30
3
30
32d
30
3
3
3
31454w
3
3
3
365
35
30
32
3414
3
37
31
3
35646n
35
35
35
3
370
31
31
370
30
3
34
34
315
38
3
3
3970grams
3745grams
32
3
30
35s
35
3
3
3
300
3
35
3
39
39
39
39
3582n
3582
330
3km2
304
349
31
39
36
3
3
38
307
3
3
31
3
3
33
3
3
36
3
300kg
3000
3
3
37th
30
3rd
3
3
3
3rd
3
3rd
3rd
3rd
3rd
37th
30
37th
3rd
30
30
3
31
30
30
31
30
32
30
33
3
3
3
3
3
337
352
370
384
3416
37
30
30
30
352324n
35
39n
3075e
35
39
3075
30
3
36
3
35
3
31
3
364
365
366
367
30
3
34
3rd
3
36
3
3
3
3
3
3
3
366
35
366
34
395300n
39
39
3000mm
300mm
3
3
3
3
3rd
3
31
3
31
3
3
3
3
3
3
3
3
3
3
3
3
363
3
37
30
37
300
30
31
3
36
33
32
3
3
33mi
3
3
3
3
3
365115n
36
36
3
3
3
3
30
30
31
3
32
33
32km
3
3rd
3000
3000
3
3
30
3
3k
3
3
3rd
3175e
3175
3
30
3
3
3
3
3
3
3
393687w
393687
3
3
3
3
3
30
3
3cm
3
3
30pm
3
300m2
3
395428n
30455e
39
3
39
3
3
312
3g
390
3g
3
3
3
350
30
360
36
3
3
300th
3
3rd
30
38
3
3
38th
3rd
3rd
31
3
34th
35mph
350
3
3
3
3
300
30
30
3rd
3
3
3rd
3
3
3
3
3
3
393420n
39
39
3
3135s
31
31
34
3
3
3
3
3
3
3
30
3
35000
300
347m
330m
37
37
308
375
350
31
32
33
33
3
3
3
3
3
3
39
3
3
3
3
3
3
3
350
3
3d
3
3
34
3s
3
3
30
31
32nd
3
3
3
3
3
3
3
30
30
3
3
3
39861n
39861
3
3
30
31
32
32
33
34
35
36
37
38
39
36
300
323831n
32
32
3
39
3
30
3
3
30
365
345
345
37
3
3
3
30
3
3
3
3
3
3
3
3
323
3
35
3
3
3
3
3
3
38
323
3
3
3
3
3
3
3
3
3
3
3831
35
34
33
31
35
31
31
35
38
3
33
31
31
36
35
30
38
31
35
30
31
31
35
3
3
36m
31
323440s
32
32
34400n
34
34
34
3
357
397
34
3
31
3
3
3
34
313
31
37
31
350
3
30
3
3
3
3
3
3
3
3
30
3
300
3
3rd
33887n
33887
3
3
3077306e
3077306
38339
310
32
3
3
30
35mi
3
3d
3
3d
317
317
3km
38667n
38667
38667n
38667
3
39056e
39056
30
30
3
30th
3
30
3543583e
3543583
39167w
39167
391672
3
3
3
3
3
3km
3
34
31
34
30
3
3
3
3
37
36
309
30
3
3
3
30
34
39
3
3s
30
3
37
3rd
31
31
3
3
3
30
3
3
3
3
3
3
3
3
3
3
3
3
3
367
35
35
3
3
35
35
3
3
3
3
3
3
3
3
3
3
3
3
3
30
3
31
3
3100
3
3
3919n
3919
30
31
32
32
32
33
34
35
36
37
38
39
3
39
38
38
38
3
30s
3
3
3
3
3
3
3
3
33
320
3
362
39
31
3
30
366
30
3
394245n
39
39
3
3pm
30pm
36
36
3rd
30th
36km
307
3
3
3
38
30
3
3
3rd
3
3
31
33
30
31
32
33
34
35
36
37
38
39
3
312
3rd
3
36177n
36177
383n
383
32ha
3
30
32
38
3
39
32nd
3
36
3
319
351
3
3
31906
3
30
30
3
30
3
3
3
3
3
3
3
3
3
3
3
3
3
386m
38
3005
3
3
3
32km2
3
3
322km2
3
32nd
30
31
32
33
32
34
34
35
35
36
34
35
37
38
39
32nd
30
36
36
300
32nd
3
32nd
30
3
38
3
39
33
3
34
36
32
3
39
32
33
3
31
3
32km2
3
395
3
3
3
3
3
38
35
3
34
3
32
3
3
373412n
37
37
3
30
3
3
3
30
3
3
3
3
3
34
3rd
3
31
33
35
3
3550
3
3
3
3
38
37m
3
3
3
350p
342
3
3
313
3
30734
30
329889e
30
329889
320817s
32
32
3
35n
35
38
38
356
30
3
3
3inches
37
34
30
3
3575w
3575
3
33
33
372651
3
3
3
30
35
33
3
3
38
30
3
3
3
3cm
325811n
32
32
388
3lbs
33ghz
3000
334
3
36
37km
3
33rd
3
36
3
3
3
3d
3
3
30
3
3
3
3
3
3
3
3
3
3
3
30
31
30
3
32
33
3
34
35
36
33
37
38
39
38
30
30
30
33
31
3
3
310
3
32
360
3
3
31mi
360
3
3
3
37
31
31
3
33
3
3
3
3
31
3
300
30
3000
30
30
3
3
36417n
35722e
36417
35722
3rd
3rd
38
3
3
3
36
