4
4
43rd
4
4
42nd
4
4
4
4
4
4
4
487
4th
4
4th
46
496
400
4
441159e
44
44
4
4km2
4km2
4
4
4
4
4
41
415
4
48
465
4
4
44
40
4
482
4
421
4m2
43sqft
4
4
4
4
46
4
406
4km
42
40
4
44
421
4
46
405
40
4
4
45
44
46
42
42
4
413
413
48f
4
40
4
4
400
4
41
4
435
40
4
4
4
431
4
4
4005n
4401e
40
44
40
44
48
4425e
44
417e
44
417
48
4
4
4
4
48
42
45seconds
48
4
4
40
45
4
49
40
41
42
43
44
43
43
44
45
46
47
48
4
4
49
40
4x4
49th
4
4
4
431149n
43
43
40
4
48
48
40
4
45th
45th
45th
4
45th
44th
44th
45th
44th
45th
45th
44th
45th
45th
45th
45th
45th
45th
45th
45th
45th
4
45th
45th
45th
45th
45th
45th
4
4
4649
4631
4297e
4
48528e
4
48528
45556e
45556
4asquawk
4
45aforeign
4
42
44
4
44
45
49
4
4
4
433421n
43
43
4
40
4
48
4
48
4
4
44
4
45
43
4
44
48
4th
40
4
4
4
4
421823n
42
42
4
4
4
4
4
4
4
4
42
4336n
43
43
4
4
4
4
4
40
4
47
4
435
47
432954n
401250e
43
49833n
40
43
49833
40
4
40
4
4
4
4
48percent
4ft
4mph
4
4
40
40
40
400yards
400m
4
45in
4lb
480yd
45cm
48km
4
4in
400mm
40mm
4
490long
40th
4
4943s
4943
4
4
4
4
4
4
4
40pm
40
41
42
43
44
45
46
47
48
49
49
4
42
46
420
4
472n
472
48
4
4019
484305n
48
48
48778w
48778
4
48c
412k
4
4
4
4
4
4
4
4
42
4
4
47th
47th
4
40
41
4
4
4
441
4
47
4
4
417n
417
4
4
4
49
49
45
4
40
40
4000
4
4
4
4
4
4
4
4
4
4
42
4th
4
40215n
40215
4
4
4
4
4
4
474
4
4
452
4
42
4
44
45
4
4
4
4
4
4
4
4
40
48
4
4
400
4p
4
4
4ps
4
4pdi
4
4p
40hp
4
45hp
4b
4p
4
43
4
4
40
400
4
400
49
459
40
4
4
492441e
49
41139e
49
41139
40
405835n
485941e
40
48
40
48
467e
467
400
40
40
48
4
48
4
4432n
44
44
4
424
446
4
4
4
400
4
4
48
4
4
47
4th
4
40
4
4
4
4
4
4
4
41515n
41
41
41
42
49
46
4
4
44
45
46
45
46
4
43249
4
403753n
40
48028w
40
48028
40
480215
473
484
4
48
44
45
43
40
4
472859n
47
48306n
47
48306
4
4th
4
4
4
40
41
42
43
42
44
45
46
42
47
48
49
41
42
43
4
4
4
400mg
400mg
400mg
400mg
400mg
4
40
4
48th
4
4
4
40
41
42
43
44
45
46
47
47
48
49
4
4
432453n
43
4147n
43
4147
4
4
4
4
400
4
4m
40
4
461740
46
46
47
400
49ers
4
400
4
400
4
4
4
4
4
4
4
4
4
4
4mi
49
4919
433e
433
41
4
4
4
40th
4
4
45
414936e
41
41
45723w
4
4
47
42
42
47
47015n
47015
4144
424
41
4
4
44
45
4
4
40
4km
4
40
4
4
4
4
4000
400
46
4
4
4
400
400
401
400
4
405
405
405
405
405
405
405
405
405
405
405
405
405
405
405
405
405
405
405
405
405
405
405
405
4
4
4
405
405
405
405
405
405
405
405
405
4
45
4
4
459135
451305
405
412
42
42
4
44
45
45
4
459135n
451305w
459135
451305
485021n
48
48
450
40
4
4
4
4
4
4
490
4
4
451741n
45
45
4mi
43mi
4
428
4
4g
4
4
4
42sqmi
45km2
4
41
4
4
49
45
4
48
41
4
4
4
4
44
45
4
48
4m2
43sqft
4
4
4
421
43
438
47
4
4
4
40
47
4
49
4
4
4
4
4mi
45mi
4
4
4
45km
4
4
42
4th
4
47
40
4
400s
400
4
400
4
4
4
4
4
482
4
4
40
40
45
40
4
40
4
40th
4
421617
42
42
4
4b
4bs
4
4s
4f
40
4
4
437m
4th
4
41st
41
4
4m
40
4
401554n
40
40
4
4
4
4
40
40
41
42
43
4
4
4
40225
4
40
4
4
4
4
4
4
4
483
483
4
483
4
483
4
483
483
483
483
483
483
483
4
483
483
483
483
483
483
483
483
483
483
483
483s
483s
483s
483
483s
4
4
4
400
4
488
4
4
436
4
43
4
4
4
400
4
4
4
4
4
4
49
4mi
4
44
4
459
4mi
4
46
46
48
48
49
4
4
4
4
4
42
4
4
4mg
4mg
400
4
40
433512n
43
43
43
42
41
4th
42
4
4
4
41st
4
4
4
4
40
4
4
4
4
4
4th
4
40
4
4
468
454
450m
425
49
4
4
4
4
40
472705n
47
45139n
47
45139
455300n
45
45
4
4
4
4
40
41
4
42
43
44
4101n
41
41
485416n
48
48
4
420
434
4
4
43
4
4
4
40514w
4
4
443853n
44
44
4100
4
4
45mi
4
40th
467
41km
40
4
47
42
4
45
4
4
43
423100n
42
42
46
4
40th
4
4th
4
46
4
495
4
477
471
47
45
485
4
4
41
4
40
41
480
481
482
484
4
4
4
4
4
4
44
4
4th
450
4
4
4
45
4
4
4
400
4
4
45
40
4
466
405232n
40
42917w
40
42917
40
45kg
4
4
4
4
4
4
4
4
4
4
4
4
4
4
4
4
4
4
4
4
4
4
4
4
45
4
4
4
40
4
40
4
4
40
41
42
43
44
45
46
47
48
49
45
4
4
482
4
4
4
4
45rpm
48
4
4
43
41
4
420m2
4
404739n
40
40
493952
49
49
439
435
42492
49
4
4
44
45
41
43
472
49
40
4
48am
4
40
40
40
4
4
4
400km2
4
4
43
40
41
42
43
44
45
4
46
47
48
49
41
4231
41
4
4
4
4
4
4
4
400
4045
40
4347
4242
4
4
40
4
48km
4
412
412
40
44
4
40
40
42
4
4
4
4
400
4
429
464045n
43352e
46
4
46
4
490950
4
48
4
4
4
4
4
4
4
400
467n
467
42
490511n
49
49
4
4mm
425
4
45
4
4th
4
4
4
46333e
46333
4
4
4
4
4
413152n
41
41
4
4
4
4
4
4
4
44
45
4
4
40
40
40
40
40
40
423932
42
42
4
4
4
4
4
4
40
4
45
400
400m
45
4m2
4
4km
46120n
46
46
4
45
49
4music
4
434439
43
43
44th
4
4
4
4
4
4
47
48b
4
496
4
4
45
4
40
40
40
4
4
4
4
474
40
4
4
47c
4
4
4
4
4
4
4
4
4
4
4
4
4
4
4e
4
40
4
40mi
4
4
48
4
44
45
4
4
4
41
4
4
4
4
4
4
40
4
44
47
400
42
443816n
42857e
44
4
4825e
44
4
4825
48
4
472305n
47
47
4mi
4
4
40
40s
4
4
4
40
4475w
4475
4
4km
42nd
4
4
4
44
45
46
4
4
4
4
4
4
4
4
450
4
4km
4
4
4
4
4
4946n
4946
428908
4
4
4
435
459e
459
40
4
4
4
4
4000
4
475641n
47
47
450
4
41
4
4
4
43km
4
41132n
41
42167w
41
42167
41
421726
4
410
461
48
4
44
45
43
46
453
4
490
40km
490ha
4
48km
4
43rd
4a
41311n
41
41
41
453
4
47
453
4
44
45
40
45
4
4
4
40
4
4
40
4
4959n
49
49
4
4
4
4
4
44
4
400
40
45
4
484
425
430
44
4th
4th
4th
4
42
45
4
400
42
400
411
4th
42
49
4th
49
4
4
40
41
42
400
43
46
47
48
49
422026
42
42
438
449
449
4
47
48
4
4
413391e
413391
4
41333e
41333
4
475952n
47
47
4
4
42
4837194n
4837194
430
4
413
40
460842n
46
46
43km
431
431
4
4
40
434620n
43
43
44
400
4
40
40
4
444
4
42
47
47
40
408
4
4mi
4667n
4667
421055n
42
42
4
4
40
41
42
42
43
420
44
45
42
46
47
48
49
408
46th
422
481
400
4
4
4
4
4
4
4
4
40
43
44
46
4pm
47
4
4
4
4
410358n
450124e
41
45
41
45
4th
472
415332
41
478975e
41
478975
49
4
4
4
4
4
49306n
49306
4
40
465708n
46
434963e
46
434963
46
4
4
470
40
4
4
4
400
4
4
4
4
451
4
4
476
4
4
413
410
47
40
48
44
45
40
42
4
4
4
4
4
4
480
457
434
480
4
4401n
44
44
4
4
4
435439n
43
43
41
4
4
417s
417
417s
417
40
4
4
413617n
413427e
41
41
41
41
494
44th
4th
4
4
4
400
4
4
4
4
4
4
40
4
4
4
4
49
4
49
4
4
4
4
492652n
49
4478n
4272e
49
4478
4272
444736n
44
44
44
4square
44
423
46
4
4
44
45
41
4
467w
467
404
416
40
4
4a
4
40
41
46
4
4
42mi
46833n
46833
404640n
40
40
4
450
40
4
4
4
4
4
4
47
48
46
49
488
4
4
4
4
495
495
400
4
4
41
4
40
4
40
4
4
4
4
4
4
490
4
460
4
4
4
4
4
451
43
4
4
4
4
45
44
432653n
43
44806n
43
44806
43
448055
489
40
40
40
44
45
4
42
474
4
4
4
43
41
4
4
4
4
4
4
44
45
42
496
4
4
4
40
4
4
4
48
4
4
4
4
4
47mi
4
40km
4
4
4
4
4
4
4
4
400years
40
45
4
4
4
4
4
4
40
41
42
43
43
44
45
45
46
47
46
46
46
47
48
49
47
4
4
4
4
4
4
47
4m
4m
4
4
4
409th
409th
48
409th
409th
493d
493d
4th
44th
401st
445th
446th
447th
448th
452d
453d
457th
458th
466th
467th
486th
482d
487th
489th
490th
491st
492d
493d
4th
48th
413th
479th
495th
496th
434th
435th
436th
437th
438th
439th
440th
441st
442d
43
41
43
4acres
4
446
4
49
41
4
4
40
49
4
4m2
43sqft
42
49
4
4
4
4
41
45
4
4
4
4km
40
41
42
43
44
45
46
47
48
49
47
41
45
4
4
4
4
4
4
4
4
4
4
4
40
41
42
43
457
48
45
41
45
4
45
4
4
4
4
4
42nd
400
4
420
4
4
49
4
49
4th
49
4
4
4
4s
4s
4s
4s
4
4s
4s
4
4
4
4
4
4
4
4
4
4
404302n
40
40
4
4
4
4
4
400m2
400
40
4th
4
4
4
4
493335n
49
49
4
41km
476
47
4646n
46
46
4
45
45
45
40
41
42
43
44
45
46
47
45
4
4
44inches
40mhz
4
4
4
4
4
45
45
4th
4
4th
4
48
4th
43rd
43rd
4th
4th
4
4
4
4
48
46
46
4
4
4
44
4
4
4
4
49
4500
40
4
45
4
464730w
46
46
463
40
4
4
4
4
4
4
4
4
4
4
4
4
4
4
433w
433
4
4th
4
4
4
4
4
44
45
4
4
43
4
4
48
4
400
4
45s
45
4inches
4inches
4
4lbs
4inches
4inches
4
4lbs
41f
4c
4060
41f
400
4
428
4
4th
4
4
48
40
48
45
4
4
4
40
41
42
42
43
44
45
46
47
48
49
40
4
4995
45km
4
40
4square
4km
43km
4
4
48
49
4
46
41
44
45
45
462
4
487
413
413
413
45w
45coordinates
45w
45
4
417
4
4
4
4
4
4
4
4
4
4
4
4
4
4
4
4
4
4
4
4
42km
4
4
4
40
4401n
44
44
4
41
402954n
40
49833n
45083w
40
49833
45083
4
463600n
46
4706e
46
4706
44
49
44
4
44
45
41
4
417
45
43
46
4
40
4
4
4
492357n
49
49
4735n
47
47
4
40
4
47
4
46
46
4
4
45
40
4
4
4
4
4
40
41
42
43
44
45
46
47
48
49
400
401
402
403
404
405
406
407
408
409
410
411
412
413
414
415
416
417
418
419
420
421
422
423
424
425
426
427
428
429
430
431
432
433
434
435
436
437
438
439
440
441
442
443
444
445
446
447
448
449
450
451
452
453
454
455
456
457
458
459
460
461
462
463
464
465
466
467
468
469
470
471
472
473
474
475
476
477
478
479
480
481
482
483
484
485
486
487
488
489
490
491
492
493
494
495
496
497
498
499
41
483
44
43
465
4
48
40
4
4
4
44
45
4
4
4
4
4
428t
472short
45cm
4
4
433410n
43
43
4
4
4
4
4th
4
494455n
45657e
49
4
49
4
4mi
4
40
404244n
40
40
4
4
40
41
42
43
44
45
46
47
48
49
4
46
400
472
4
4
4mi
42mi
4
4
4
4h3
4
4h3
4
433e
433
4
4
4
4
4
4
402429
40
4082028n
40
4082028
4
48
4
47th
48th
4
4
43
4
4
400
4
40
40
40
45e
45
4
400
40
4
4cm
4cm
4
4
4
42
415
4th
4
46
4
40
4th
4
40
4
48hours
4
4
476
40
400
40
41
4
42
43
44
45
42
46
47
45
4814n
48
48
4
44
4388
4
4
4846n
48
48
439
445
42
42
424
42
429
429
42
42
427
437
427
4
427
417n
417
4
4km
40
4
4
4
4
42
45
4
400psi
4
4
4
4
498
49th
4
4
4
4
41
467
42
43
44
458
45
4
46
47
48
42
42
49
40
4
4
400
4
49
4
4million
475
447
40
42
4
4000
483609n
48
48
4
4
48
44
4x4
461834n
46
46
4t
4
4t
40mhz
40terabytes
42in
4
4
4
4
4
4
4
4
449
46
40
4
4
44
45
40
476
4
4
450
4
4
45
4
4
4
4
4
4
4
4
40
40
45
40
45
40
4
4
425th
425th
425th
425th
425th
425regiment
47
4
425th
4
45
45
45
49
45
40
45
45
45
45
45
49
4
45
45
45
45
40
40
45
45
40
40
45
45
45
45
45
45
45
45
45
45
45
45
45
45
45
45
45
45
45
45
45
45
4
441lost
4
46
4
4
40s
4
40
4
42
40
41
42
43
44
45
46
47
48
49
49
4
40
40
41
41
42
4
43
4
4
499
4
4
408
48th
4
4
4
4
4
4
413
4
400
4
464
480
4th
4
4th
48
4
4
4
4
47
4
4
402633n
40
442583n
40
442583
4
4
40
4
43
4
4
48
494059n
49
49
46
4
4
4th
40
41
42
43
41
44
45
46
47
45
48
49
4
4411
40
41
42
43
44
45
46
47
48
49
4
4
4
4000
4
412
48km
4
4
4
4
404
4
40
472
4
4
4
4
4
410206n
41
41
4
4
4
4
4
4000
4
4
4
4
40
4
4
4
435602n
43
4606e
43
4606
4
4
4
4
44
4
40
45
46
47
463024n
46
46
47
4
480
447
441
475
4
4
4
415354n
41
47556e
41
47556
4
447
4632e
433s
46
433
46
4
4
4
4
41
4536e
4536
4
4574988w
4574988
4
45
4432w
44
44
4432w
44
44
4
4
4
46th
4th
47
4
40
4m
40
40
4
46
4
4
40
4
4
41
42
43
44
44
45
46
47
46
48
46
46
49
46
4
4
40
45
400
4
400
4
4people
400
407
4inches
4
40
412219n
41
41
4
42
4
461782w
461782
400
4
4
4
45
40
4
4
4
4
4
4
430811n
43
43
4
4you
4
4
4km
40
48km
4
43
435455
4th
4
4
4
4km
418
4
443
46
418
45
44
45
42
48
420
4th
4
400
49
4110n
41
41
4
4pm
4
4995
4
400
49
400
45
47s
4x400
4x400
4
400
4
4
4
4
4
4
4
4th
4
4
4
4
458
4
4
4
4
44
4
4
44
45
4
47
40
439
4
4
4
4
4
40
40
4
45
4
4
480
4
480
47
4
4
49th
4
4
4
4
49th
4
43
44
4
4
4
4
4
4
4
43
4
4
439
4
4
4
4
40
4
4
4th
4th
4
4
4
40
4
43444n
43
43
404446n
434749e
40
43
40
43
437hz
4
4
4
42
473
4
481147n
48
49639e
48
49639
4
4
40
4
48
4
43rd
41
4
4
4
4
4
4
485
4
4
4
4
4
4
4707n
47
47
4707n
47
47
4
40194e
40194
451
4
4
4
4
4
4
4
4
4
4
40
4
4
471
4
40000
40
4
41
400
4
4
4q413
4mi
4
4
4
4
4
472
4
4
4140
4569
4a
4b
4
4
4
4
4
4
4
4
426
426
4
4th
4
4
4
4
40
404536n
40
40
4
441510n
44
44
49km
4
40
4
4
407
400mph
4
4
4s
4
4
4
4
4
4
43
44
45
4
46
47
48
49
41
40
41
41
4
4
4
4
4
4
4
4x
40
41
42
43
44
45
46
47
48
49
4
418
40
4
4
4
4
4
49
40
4
475
4a
4
4
4
46
4
4
4
42
43
44
45
46
47
47
48
49
49
4km
4
467
4
441
4
40
4
4
4
49
4
424437n
42
42
4
4
400
4
4
412
4
49
41
4
40389e
40389
4
43
4th
430259n
43
43
4
485
433n
433
438
4
4
4
4
400
4
4800
4
40
45
4
47
4
4
40
40
40
48
4
4
4
4
4
4
4
4
485
485
42
4
44
4
4vtotnjnccl7lwfwmixmca
480530n
48
48
4
45
45
485
4
4
4
45934w
4
4
4
4
4
465
465
465
465
465
4
4
401st
47
47s
4
4
4
4
4
43
4
4
4
450
4
40km2
46
4092
400
40
40
4
40km
40
43
40c
42
40
41
42
43
44
45
46
47
48
40
49
4
4
4th
45
484614n
48
48
4
40km
4
40
444
444
4
4
4
4
423
4
4
4
4
4
44
4
4
4
46
40
4inches
4
40
4
446
4
48
40
40
4
4
4
4
4
40
4th
4
4kids
4kidstv
4kids
4kids
4kids
4kids
4
4
4
4
4b
4
4b
4
4
4
4b
4
4b
4
487
4
48
4
4
4
4
4
4b
4
4
417e
417
4th
403840n
40
40
4
4
4
4
4
4
4
4
4
4
4
4
45
4
4
4
4
400000n
40n
40
4
4
48
41
400
47th
49th
4
4
4
40
41
42
43
44
45
46
47
48
49
47
4
4
42
4
4mi
44km
4
4
4
420
4
4
4
494
4
4
4
431
48
4
4
4
405325n
40
40
4
4
46
49
4
49
49
49
49
49
49
463
4
4
47
49
49
49
4
40
4
404426
44n
40
40
4
45
41
41
4
40
493923
49
49
4th
4
4
48
40
4
40
4
40
48
49
40
40th
40
42
483
484km
4
4
4
4
40km
4
4
4
4
4
4km
4
4
48th
49th
4
4
40km
40
40
4km
4
40
45
44
40
45
4
4
42
4
43
4
4
4
4
4
4
4
4671n
4671
4
4
44
4
47
4
46
4
40
4
44
45
4
42
453
40
4th
4
4
45
4
4
40
4
4
433159
43
43
48
495ha
408
450
4500
400
400
4
4
4
4
4
4
49
4
48
4
4
40s
4
497
49inches
4
4
4
4
4
4
4
40
4
4
4
450gm
4000
4
4
45
4
47
4
473241n
47
47
46
4700
4
4
4
4
4
4
4
4
4
4
4
4
4
4
42
4
4
4
4
427ci
427
425bhp
427
427
427
427
428
400kg
429
48km
480
427
4
4
4717n
47
47
4
4
4
4
4
4
43
4
400
4
4
4
4
40
40
4
44
402
402
40
44
45
44
4
412239n
41
41
43592n
43592
489
4
4
40
4
4mi
467n
467
4
4
4
4
4
4
4
4
4
464249n
46
46
4
4th
4
40
48
402404n
40
401n
40
401
46
46
487
4541n
4541
4
47
4
49
41
4
40
4
4
4
4
4
45
41
45
4
4
4
413kg
418kg
4
4
4
4
4
4
4
4
4mi
4
4
4
435054n
43
43
4
4x4
4
4
4
4
4
4
4
4
4
4
4
4
400k
4
40
4
498
462ft
42
410ft
4feet
4
48
48
45sqmi
4
414
4
45
4
47
45
40
40
486ft
453m
420
40
4
4
4
4
4
4
40
4
499
43sqmi
4
42667n
42667
426
400
4
40
4
412522n
41
42278n
41
42278
41
422880
40
44
4
45
417
48
4
4
4
4000
400m
43
4
4
4
4
4658n
46
46
4
4
4
47m
4
400
4th
47
44
4
4
4
4
4
4
4
4
4
4
4
4
4
4
4
4
4
400
4
4
4
4
400
4
4mi
40mi
485203n
48
48
434411n
43
43
42
400
46
4
4
4
4
4
4
4
45mm
4
4
4
4
4
4642n
46
46
4pi
4km
4
4
4
4
4
4
454900n
45
45
4
4
4
4
4
4
4
420
420
47
4
4
4096
4
4
4
4
4s
4
4
4
40
4
4
4
48
4
400
4
4
4
45
44th
4
42
443024n
44
44
4
42
4
4
45
48
40m
40
464336w
46
46
47
47
47
47
4
4
4
46
4
41
4
4
4x200m
400
4
4
45
45
4
40
4
4
4
4
4
4
4
4
4
4
4
4
4
4
42
48km
4
4km
46
44th
4th
44th
43rd
484
49
4
40
41
42
43
4
46
4
4
40
41
42
43
44
45
46
47
48
43
49
43
4
4
4
4km
40
41
42
43
44
480ft
45
46
47
48
49
42
4
46th
4
4
4
420
4
40
4
4l
4
4
4
4
4
40
466
466
4th
4
4
4
4
4
4
4th
4
4
40
43rd
43rd
42nd
41st
4
4
4
4
4
4
4
401
4
4
401
402
4
4
402
402
407
4
4
407
407
4mi
4
4mi
4
4
4
452232n
45
45
48
47
47a
47
43
43
4183806e
4183806
4
4
48667n
48667
4
40
4ft
4ft
472122
47
47
400
4
40km
4
4
4
4
41
47mi
4mi
428
41km
413141n
41
41
4
47
440
4
47
46cm
4
49cm
4
4
40
4
4
4
4
450800n
40
40
4
421
412
4
4
4
4
4
4
4
400
4
435hp
40kw
4
48kw
4th
4th
43
43mph
45th
4
4
40
4
4
43
4448n
44
4e
44
4
43833n
43
43
40
44
4
435mm
4ft8
428
432
433
491
492
493
44km
435mm
4ft8
4
4
4
4
4
4
435mm
4ft8
41897
41902
41937
44473
42020
42042
42045
42047
42049
43333
43956
43979
44115
44167
44225
4
4
4
4
452932n
45
49222n
45
49222
4
4
4
4
4
4
4
47
47
43
4
44
4
45
48
417
499
4
4
48
4
43
4
432005n
43
43
4
4
4
4
40
40
4
429
4234s
42
42
4
497
497
40
4
4
4
44
45
45
47
4
4237n
42
42
44
4
4
4
40
4
40
41
42
43
44
45
46
47
48
49
42
4
44
4
4
49
4
4
45
4158n
41
417e
41
417
4
4th
40th
41st
42nd
43rd
44th
45th
46th
47th
48th
49th
46
403
42
4
4
4632n
46
46
42728n
42
42
42
43
47
4
43
44
45
45
49
40
46
454
454754n
43248e
45
4
45
4
472814n
47
4706n
47
4706
460005n
46
46
4
4
4
4
411
4
46
4
4
4
4
4
45
42
45
4
40
49
44
49
4
44
49
4
4
4
4
4
4
4
4
4
40
4
418
40
4171n
41
41
4
4
4
40
42
4
4
4
46e
4
49ers
4
40
4
40
44mi
48km
4
4
40
41n
475052n
47
47
4
4
410352n
454751e
41
45
41
45
4
411
4
4
40
41
42
43
44
45
46
47
48
49
44th
40
40
4
4
4
4
4
411
4
4
45
4
450
4
42
498
41
43
46
48
47
4
40
4
4
4
430n
413e
430
413
450
4
40
4
47
4
4
4
4
4
4
4
4
4
4
4th
400
45
4
40
4
40
40
44
45
4
4
4
445
490mm
4
4
4
4mi
4
4km
4
40
4
4
45
4km2
4
4
4
4
4
4
4
4
4
4
44
40
41
42
43
44
45
46
47
48
4
450tw
48
4
4
41
4
44
45
40
41
40
4
41st
4
4
445kg
400
4
401
495
45
40
48
45
4
412t
400
40
452403n
45
400900n
45
400900
4
4
47s
4
4
4
4
4
4
4
4
4
47
4
401
4
4pts
44
4
427
495
40
49
46
44
44
495
4pts
4
46
42
4pts
40
40
48
46
4
4pts
462
4
4pts
43
41
40mi
4
4
4k
4
424439n
42
42
4
4
4951n
49
49
4
4
40
4
40
40
4
414234
444446
49e
41
44
41
44
4
4
4
40
4
48
4
4
4
4
418
4
442
4
4862n
4862
4
4
4
4
42
4
40
4
4
4
41
43
4
45
40
41
42
43
44
45
46
47
48
49
4
4
4mi
47
45
470wounded
4
484208n
48
48
40
4
4
48
45
444
410
45
410
44
44
44
416
45
4
400ft
406mm
410mm
4
444
4
4
430
4
44th
4
4
47
4
4
4
4
4
48in
4
40
41
42
43
43
43
43
43
405w
4
4
4
45
45
400
40
4d
4
4
4
4
4
430
4101
4
4
40
400
4
4
4
40
4
45
4
4
43917e
43917
45
465
4941w
4941
4
46e
45
4
4
40
4
40
4
4
400
4
4ft11
46
42
43
44
46
4
4686
47
4
41
43
42
4
4
4
4
4413
4
45
4
4
4
4
4
4
4th
4
4
43mi
454607n
45
45
400
434
4x4
45
4
4
400m
40
40inch
40
4
4
40
4
4
4
4
409
400
40
4th
4
4
44
4
4
40
40
40
40
49
4
40
42
45
47
48
49
4
417n
417
4
46
40
41
42
43
44
48
49
45
47
4
4
4
4
4
4
4
4
426
4
400
46
4
400
400
4
4
4
49
4
4
4
4
4000km
4
4554n
45
45
431136n
43
43
4
4mi
4
49mi
4
4
4mary
4844e
48
48
4
4800
40
4
40
40x16
40
4
4
4th
4
4th
40
40
4
45
45
4
4
4
4
4inches
4
4
461
41
4
4
44
45
40
473
4
4
483536n
48
48
46778w
46778
45
40
4
4
41in
4
4
4
4
46
40
45mg
4067mg
4
4862cm
48
416
486
4
40
45
416
486
45
48
4
400
45
405231n
40
40
435525n
43
43
4
48
44
40
40
4075n
48361w
4075
48361
407503
483577
4
41
4
4
41
45
44
45
40
40
4
407503n
483577w
407503
483577
4446n
44
44
40
4
4
4
4
4cm
4
43
4
4
4
41
42
41
42
41
41
42
41
41
41
41
400
4
46mi
4
4th
40th
41st
42nd
4th
4th
4th
43rd
44th
45th
46th
47th
48th
49th
4th
44th
45th
46th
47th
48th
4th
40
4
400
4
4
4
4
4
403
4
403
47
49
4
44
45
4
4
4
4
49
4
4
45435e
4
4
4
4
40
4
4
4
4in
4
4
4
4
4
4
4
4
4
4
4
4
4
4
4
4
4
40
41
4
4
4
427
4
405
4
44
4
44
45
485
4
4
40
495n
49
49
4403n
44
44
43
44
4
47
40
40
40
44
45
40
43
49
416
4
4565
44459
44714
4
4172
4
4339
4
4
4
4
477w
477
452w
452
4km
435w
435
434765w
434765
44km
427
4
4
414301n
444641e
41
44
41
44
4
4
4
4
4
44
49
4
432
4
40
4
4x4
493740n
49
49
4
471858n
47
47
4
4
4
4
4833n
4833
4
4
4
4
4
4mi
4
4
4
4
4
4
4
4
4
4
430311mm
4
46028e
46028
40
44806e
44806
4
4
43
48
40
4
46
43
4
4
4
4
445629n
44
44
4
40km
4
4
4
4
4
400
400
4
40
4
40
41
42
43
44
45
46
47
48
49
4
42
4
4
4million
40
4million
42
4
4
4
4
4
42
4
4
4million
4
4
4
4
40
4
423
4
480
4
45
4
4
4
4th
4
4
4
445
445
4
4
4
4
4
4
4h
4
40
4
4
4
4
4
419
44
4
4
4
4
4
4
40mpg
45kw
4
4
490
40
4
4
4km
4
4
400
4
4
488661w
488661
413
4
4
40
41
42
43
44
45
45
46
47
48
49
49
4
4
443450n
44
44
470
40
45
4
460
4
4
45
4
4752n
47
47
4
4
44
45
4
42
45
4
4
4
4
4
49
4
4
4
40
49
4
43
44
4
4
4
40
4
4
41
412342n
41
41
405157n
40
40
4
40km2
448
4
4
48
46
47
4
44
45
4
48
4
450327n
45
45
408
423
4
4
464959n
46
46
4
40
40
42
44
45
46
442859n
44
4829838n
44
4829838
4
4km
4km
4
4
4
4
44
45
41
41
42
4
4
44313
44
44
490
43
4
4th
400545n
40
40
4
490
44
40
4
4
40
40
4
4
40s
4
4
4
434n
4
4e
4
4
4
4
4
4
4
4
49
44
438
437
4
437
42
4
4
4
4th
4
4
4
4
4
4
45
4
4
4
4140
49
4
4
4
45
4km2
4
49
49
4
4
473535n
47
47
417e
417coordinates
417e
417
4mi
445346n
44
44
445427n
44
44
4
4
4
448
486
4
4
450
4
412mm
4
4
4th
483
44
4
4
417
4
450bhp
400
43km
45cm
4529n
45
483n
45
483
4
4
4
4th
4731st
4081st
4
4
40
40
4
4
4
4
4
4
4
4
40
4th
4
4
4
4
41
41
41
41
45
45
48th
41
41889n
41889
4856n
4856
4
4
4
4
4
4th
4
4
40
403
4
4
4mi
400
400
400
4
4
4
405th
405th
4c
4g
4000
4
40
40
460831n
46
46
4
4
4
40
411mania
4
4
42
424058n
434338e
42
43
42
43
400
48km
470km2
4100
4
4
40
400
410
4
40
41
42
43
44
45
46
47
48
49
4
4
40
4
422
4
4
40th
4
42
41
4
4
44
45
4
42
416
46
40
49
4
48
47
4
4
4
4
480
4
4
489
4
41
460606n
46
48417w
46
48417
4
4
44
4
45256e
4
4
4
4
4
4
4
4km
4
4
49
41
42
4
40
40ha
4
4
4
4
4
41s
41
404416n
40
40
4
44
4209n
42
42
49km2
4
4
44
4789
48
48
40
49
4
4
4
4
41917e
41917
4
4001000
4th
49
48
4
400
40
492
4
4
4
4
4
4
4
4
4
433w
433
4
40
40
4mi
441246n
44
43611w
44
43611
44
436182
4square
4
46
44
4
45
4
47
401
4
4
4
4
4
4
4th
4th
48
4
48
4
4
4
41
4
488
4
4
41361w
41361
4
4
423212
42
42
485
40
400
45
400
4
4
44
45
48
49
4
40
4
40
41
4
46mi
4986e
4986
411055n
41
41
400
40
40
4
4
4
4
4
47
475837n
47
47
4050s
40
40
4
43
45
4
4
4
4
493
446km
48km
40inches
4
4
4
4
4
4
4
4
4
4
4
4
49
42
42
4
4
4
474
4
464
4
49
47
4
47
40
4
4
4
4
4
400
4
4
4
48
40
40
40
4
453119n
45
45
4
438
4
4
4
40
40
40
40
40
44
45
43
492
40
4526n
45
43n
45
43
4
454515n
44948e
45
4
45
4
4
4
437w
4
4
4
4
4
44111s
44111
4th
4
405
45
4
4
4km
4th
4th
4
4mi
43km
489
44
4
4km2
4km2
482
4
42
4
44
45
4
4
40
4
4a
4a
40
49
471040n
47
47
460
405
4
4
4
4
49
400
434
43
400
4
40
405
450m3
4
45m
412450n
41
41389n
4825w
41
41389
4825
41
413804
482628
4
4
449
459
4
44
45
41
45
429
4
40m
4
4800
4
4
4
4
4
4
4
4
4
4
4
400grams
4
4
4
4476833e
4476833coordinates
4476833e
4476833
4
4
4
444
444
4
40
40
40
40
40
47
4
4
4
4
443900n
44
44
463
43
40
49
44
45
4
4
4
4th
493242n
41723e
49
4
49
4
40
4
40
47
48
49
4
4
45
4
4
4
4733087w
4733087
4
460
455415n
45
45
4
4
4
4
4
4000
4
4
40
41
40
42
43
44
45
46
47
45
48
49
4235871n
4235871
495556n
44034e
49
4
49
4
4
4
4
4
4
4
4
4
4
4
4
4
41056n
41056
40
40
41
42
43
44
45
41
40
46
47
48
49
44139n
44139
4
44
44b
44c
44333w
44333
44
40
40
43
495
4
4
4
41in
4
43
45
48
49
4
4
4141
4
4
4
4
4
42
4
45
4
4x400m
421656
42
42
4
4
4
4
47mi
4x4
4
491518
41n
49
4622806w
49
4622806
436
4
402430n
40
4082n
40
4082
40
4
4
40km
484836n
48
48
49435
430210n
43
43
400
400
400
499
49
400
400
400
46
400
44
400
49
400
4
49
46
42
400
400
405
400
400
400
400
47
400
47
4
4
483207n
41420e
48
4
48
4
4
485
485
48
41
44
45
452
42
4
45
465
4
46
4
4
4
4
461
4
4
4
4
400733n
464904e
40
46
40
46
4
4
40
40
4
4
4
4
4
40sqmi
4
497e
497
4
4th
4
4
4
4
46
4
4
4
47
4
4
4
4km
40
483s
467e
483
467
4w
4
4
4
4
4
464622n
46
46
465006n
46
48194w
46
48194
4
4
4
4
45
4
4
4
4
4922
47
47
4cm
4
4
49
4
4
46
4
4
4
4
4
4
4
41c
4
4
4
4
4
4
48
49
48
49
48
49
4
4
4
4
4
4
4
4
4
49ers
4577062n
4577062
4
4
4800
4
4
485159n
48
48
43
4
4
4
4
4
4
4
4
4
4
4000
4
4
4
480631n
48
48
4
40
44
45
40
4
463828n
46
46
434
4
4
414
4
41
432900n
43
483333n
43
483333
4
4
4
43348w
4
4
417
4
4
4
4
4
4
4
468
47
48
42
400
4
4
4
42311n
4
4
4
463656n
41256e
46
4
46
4
4
4
4
4
40
4
4
41
42981
4
4
4
470625n
44014e
47
4
47
4
43
429
4
4
4
4
4
425
4
432500n
43
4166667n
43
4166667
4
400
445
4th
4
4
4
4
426
4
485
4th
450
4
400
450
450
4
4
400
4
450
4
459
4
402
4501
4
4
40
4
4n
45e
4
45
4
4
4
4
45
450
4
44
41
44
45
417
4
4
4
468
4
4
4
485315n
48
48
4
403300n
40
40
41
41
4
44
45
49
402313n
40
40
400
444408n
44
44
4
45
449
419
4
4
4th
4
4
4
4
4
4
4g
4
44th
450
4
4
4
4
47
4
4
4am
480m
4
450
4
4
4
431250n
43
4881e
43
4881
473630n
47
47
4
4
400
473125e
473125
4
4
4
4
4
4
4
4
4
4
40
4
4
450
450
4
4
4
44
40
41
42
43
4
44
45
4
40
4
4639
440
4
44
48
4
40
4
4
4
40
4
400
4
4km2
4
49x96
42284n
42
46778n
42
46778
42
467894
463
4
4
4
463
41
4
42
44
45
47
47
41
4
4
4
4
40
4
424908n
42
42
4k
4k
45kw
4k
4k
4
41
40a
4
4
4
4
4
4
4
4
4
4
4
4
4
4
4
4
4
46mi
4
400
415
47
4
49
4
4
4
4
480
440
41
4
4
4
414km
410km
400
4
496
4
4
4
4
4
4
4
4cm
40
455n
455
4x4
47
46
4
4
44
45
4
481510n
48
4372e
48
4372
48
45
43
4529n
45
483n
45
483
49
43
49
49
43
49
49
49
49
49
49
49
49s
49s
49s
49s
43
49
41
44
48
41
42
4
4
4
40
4
4
4
4
4
4004
4
4
40
4
4
400
4
40
4
4
49ers
4
4
4
4
4
42
4
40
4
45am
4
4
40
4
400
4
44th
4
41
483rd
47
4
400
4
41
4
493622n
49
49
4
4
4
48
4
4
440
4
4
42
4
4
45355n
4
4
4
40
4359n
43
43
4938n
49
49
4
4
4
4
4
40
4
4
4
4
4
486
46
4
4
4th
40s
4
46m
400
400
4
4
4
4
41
4
4179
4
4
4
410kw
4
4
4
4
41
4
41sqmi
462
42km
49
45
4
461
4
4
4
40
4
4
4
424439n
42
42
451313e
45
45
4
4
4
4th
4
4
4023n
40
40
40
44
4
49
4
44
45
4
4
40
48n
48n
48
4
400
40
473
400
436
4
45
4
4
4th
4
40
4
4
40
4140
4
4
4
4
4
4
406
406
42
43
42
43
4
4
4
4
4
400
4
4
448
4
4
4
4
4
4
4
4
4
4
47
44
4
4
46
44
4
44
45
47
4
44
4
43
43
4
40
4
44
45
4
46
4
4
4
4
4
4
4
4
40
4
4
4
4
4
40
46mi
4
4mi
4
4
4
40
4667n
4667
4
4
40
4
4
4
4
4
4
425
40
41
42
43
44
45
46
47
48
49
421
4
40
41
4
4
40
41
42
43
44
45
46
47
48
49
4
4
4
4
45
4
4
40km
4
4
4
4
4
4
4
4
4
4
479
482
4
4
4
422145n
42
42
4
430mph
4
443mph
45
45
468mph
4
45
46
46
4
4
40
45
40
4
4th
4
4254n
42
42
4
493
45
40
44
42
44
45
456
4
4
4
45
45
44
45
49
42583e
42583
4
43
40
4
4
4
4
4
4
4
4
4
4
4
4
4
4
4
4
4
4
4
4
4
4
4
4
4
4
4
4
4
49
4
4
40
436
4th
4th
4th
4th
4
4
4
4
46
4
4
41
4
4
4
43
43
43
43
494
45
43
40
43
4
4
4
4
4
4
4
4th2nd
4
42
44
4050
46
4
47
46
41
42
4th2nd
467km
4
4
4
400
4
400
400
440
42
4
41
4
424
4
40
4
4750
4
4
4
4
4
45
49
42nd
4th
4
4
4
4
4
4
4
4
4
433108n
43
43
4
4
4
40
425112n
42
42
4
4
4
4
46
41
456
4
4
465558
46
46
429
47
400listed
4
4
4
4
44
45
40
435
42
4
45th
4
445154n
44
44
4
4
47
40
43
40
4
44
45
44
432755n
43
46528n
43056w
43
46528
43056
4
4
4
4
4
4
4
4
4
4
45
444w
444
4
420
426
40km
4
4
4matic
4
42mi
4
47
426
458
426
458
458
487
4
42
4
4
4
4
4
4
47
4m
4
434
48
4
45
4
481
468
43972e
43972
4
4
400
49
400m
4
400m
400m
49
4400
400
46
400m
49
4
4mi
4224n
42
4n
42
4
4
4
4
406mhz
406mhz
406mhz
406mhz
406mhz
406mhz
406mhz
406mhz
4
406mhz
44
406mhz
406mhz
406
49bits
406
406mhz
410804n
41
41
40th
419
4
4
44
45
44
40
4
4
4
470454n
47
47
4
4
4
4
43469n
43
43
45
45
4
4
40
474
49
40
450
41
42
43
44
45
45
46
45
47
48
4
49
40
4
491
49
48
4
4000
4e
4
4
46
40
41
42
43
44
48
49
45
47
450
4
4
4
4
4
4
4
4
4210
4
4
4
4
46
45km
40
4
4
4
4
49th
4
4
400
4km
421754n
42
42
4
4
4978028e
4978028
4
4f
47th
47th
48
42d
47th
47th
414th
415th
416th
417th
427th
4562
400
4
4
4
403350n
40
40
455554n
45
45
4
4
4
4
483n
483
47th
47th
4
4
4
4
4
4
40
420
4
412
4th
441
4
4
4
4
4
445829
44
44
4
4
48
400
4
482556n
48
4323n
4504w
48
4323
4504
4523e
45
45
4th
4
4
45
4
4
45th
4
45
4
40
4
4
44
4
412t
494a
412
417
447
4
495
4
4
4
43
4
4
4
4
454405n
44812e
45
4
45
4
4
4
4
4
4
4
4
4
4
4
4
4
41
4
4
4
4
4
4
4
4
48
400m
4
4
47
4
4
4
4
4
485719n
48
48
400
40
4
4
4ad
4
4
4
4
4
40km2
47
47
4
40
400
4
4m
40
46
4
42
4
4
4
4
4
4
4
4
4
4
43rd
4
43rd
400
4cm
4
4
45
41952e
4
4
4
4
40
40
4
4kg
472703n
41025e
47
4508n
4
47
4508
4
40
400
4000
479
490699w
490699
44820e
4
4
4
4
4
4
4
4
49th
4
422947
42
496605n
42
496605
4
4
44
4
4
4
47
4
4
4
470745n
47
47
470745n
47
47
441832n
44
44
47111n
47111
491015n
49
49
4
4
4
43
4
4pm
4
43
43
43
43
43
43
43
4
4
4
4
43
4
4
4
40
4
4
4
4
480
49
4
44
45
4
453735
48n
45
45
4
4
43km2
4
43feet
4inches
4
4
4
4
4
4
4
42
42
427
42
42
427
4
4
40s
4
431450n
43
43
4
449612n
449612
4
4
4
4
4
451420n
45
45
4
4
4
4
4534n
45
45
4mm
475912n
47
47
4
4
47
43rd
4
4
451
4
4
4
4
485136n
48
48
4
4
4th
4th
4th
4th
472235n
45354e
47
4
47
4
4
4500
4
4
400
4
4
4
4
4
400
40
400
400
4
4s
45
4
476ft
47mi
4
49
4
4
400
40
4
4
4
4
4
4
4
4
4
4
4
4
4
4
4
44
45
40
42
46
4
4
404515n
40
40
4
4
4
466
49s
4
475
4
4
4
4
4
45
40
4
4
4
4
4
4th
4
400110n
40
40
4
4
40
41
42
43
44
45
46
47
48
49
4
41
46028e
46028
471547n
47
47
4
4
4
4
4
4th
4
4
4
4
400
4km
472524n
47
4233n
47
4233
4
4
4
4
4
41
4
4
4
4000
4
4
4
45
41
4
4
43
4
4
48th
4
4
4
4
4
4
4
4
4
4
4
4
4
40
4
4
4
4
4
4
4
40
41
42
43
44
45
46
47
48
49
400
401
402
403
404
405
406
407
408
409
410
411
412
413
414
415
416
417
418
419
420
421
422
423
424
425
426
427
428
429
430
431
432
433
434
435
436
437
438
439
440
441
442
443
444
445
446
447
448
449
450
451
452
453
454
455
456
457
458
459
460
461
462
463
464
465
466
467
468
469
470
471
472
473
474
475
476
477
478
479
480
481
482
483
484
485
486
487
488
489
490
491
492
493
494
495
496
497
498
499
4
40
43
4
46
41
4
45
4th
4
45km
400
4
4x100
44126
44
44
4
4
45
4
4
4
4
4
4
412952n
41
4977n
41
4977
4
45
45
4
49
43
4th
476
4
40
48
44
45
40
4
4
4
405358n
40
40
4
4
40
4
4
4
4
4
4
416
415
43
44
42
40
44
45
418
49n
49
4
4km
47
4
4
4
4
4
4
4
45576
45
4710417e
45
4710417
4
4
4410n
44
44
4
4th
4
4
4
4
4
40
432
435
49
4
431457
4
400
400
40
4
4
4mi
433e
433
48641
43n
48
48
46
4
4
4
4
40
4
4
45
4
4
4th
4
4
4
40
4
40
40
4
40
417s
417
417s
417
4km
4th
4
4
47
4
4
4
4
4
4
4
4
4
4
4
400
4
49
45th
45th
4
44
44
40
40
42
40
41
4
45rpm
45pm
45pm
45pm
45pm
45pm
4
4inches
4
47667e
47667
4
400
4
4
40
41
42
43
44
45
46
47
48
49
42813w
4807n
4
4704w
4807
4
4704
4
4
4
40
47
4
4
45337w
4
4
4
4
4
4
4
4
4
4
40
4
4
4
4
4
4
4
43km
4
467n
467
4
404631n
40
40
4
4
44th
4
4
4
4
4
4
4
48
48
48
48
48
48
41038
48
48
4
48
40
4
40
40
4
42
48
4
4
4
4
4
47
4
40
4
46
4
4
45
4
485512n
48
48
402014n
40
40
40
43
4
44
45
4
4
416
40
484225n
48
48
4
4
4
46m
45
40
4
48
46
49
4
4
4403n
44
44
4
43
41
43
4
4
4
4
4
42
43
40
43
41
4
4
493500n
49
49
4
4
4541431
4
4
40
4
4
45mi
400
4
4
4
4
487
4
4
45
4
4
44
45
4
4
432513n
43
42028n
43
42028
4
422
4
47
400listed
4
47a
41
40
47
4
4
4
42
4
4
4
47
400
400
430
4
4
4712
4
4
40
4
4
400
48
4
400
42
48
427111e
427111
4
417n
417
4
4
4
4
4
4
4
43
4
447618n
447618
461
4
4
4
40
4
40
40
4
4
4
4
4
4
4
4
4
4
4
4
4
4
4
4
421600n
42
42
4
4
400
4
42
495
400
442902n
44
4839n
44
4839
4
400cfa
45
4500cfa
4
40
40
4
4
410
4
4
4
4
4610
4
4
44
45
4
48
482
402
41
446
459
4
4
4
4
416667w
416667
4
4
4
44
4square
437
42
437
4
49
4
40
4
44
45
42
40
455
43
48
485232n
48
48
4
40
40
41
42
43
44
45
46
47
4
48
49
44
4
431
428
432
424
4
4
4
4th
471845n
44047e
47
4
47
4
4
4
4
4
435
4
4
4
4
4
4
48
4
4
40
40
44
45
42
469
4
4
4km2
4km2
478
4846n
48
48
48mi
4
4
4
4
40
41
42
41
43
44
4
45
46
4
4
4
4
4
4
4
4
4
42
4
472102n
41653e
47
4
47
4
4
4
4
4
4mph
4
40
41
42
43
44
45
46
47
48
47
4
48km
48
45
402w
4
4
483s
483
483s
483
4
4
49
49
46
42
48
44
45
4
4
41st
4
4
4
4
4
400
4
49
4849
4
40
463
4
4
478
4
4
4
415
4
4
4
4
4
4
494
48
4
422125n
42
42
4
4
40
4
4
4
4
48kg
4
431517n
43
43
4
4
45
440
4
40
442534n
44
42608n
44
42608
475317n
47
47
4
4pm
4
4pm
4
4
452048
45
45
4
400inches
4
4
4
4425n
44
417n
44
417
4
400
4
4
4
46sqmi
4
401854n
40
40
4
4
4
4
453423n
45
45
444548n
44
44
40
48
4
400
4
456
420
4
400
400
46217
4
400
4
4
4
4
4
4
4
4
41
4
400
4
41st
440
4435w
44
44
4435w
44
44
45
4358n
4358
4
4
40
45
4
40
4
4
476meters
4
4
48
41w
4
4
42
45
4
4
4
4
4
4
4
4
48
412609n
41
43583n
41
43583
45
4
4
48
48
47
49
468
47
471
450
427
420
4th
4
4
4
46
4
4
4
452343n
45
45
400
4
4
4
4
4
4
4
4
465719n
43033e
46
4
46
4
45
4
4
4
44
4
40
46
46
46
46
46
46
46
4
46
46
46
46
46
45
4th
46
43rd
45th
46
46
46
46
46
46
46
46
46
4th
46
46
46
46
445403n
44
44
4
467401w
467401
400ha
4
4
4
400w
400
4
4
4
485035n
48
48
4mi
45pm
43km2
4
4
4
4
44
45
4
422
417
40km
400
4
417
437
46
4
4
4
450
402157n
40
40
450
40
4
4
4
4
4
4
4
4
4
4
4
4
45
4km
465439
46
46
4
4
4
4
490100n
49
49
4000
4
4
4
4
413243n
41
41
481437n
48
48
40
4
40
41
442
4
400
400
4
4000
4
4
436
4
428
4th
428
4
4
4
41
4
40
45
4
400
4
47
48
47
4
4
4
41139n
41139
4
4
4
42
45
40
48
423
405252n
40
40
40
439
41
45
44
4
45
40
42
46
458
4
4642e
46
46
4
4
42
42
45
47
4
40
41
42
43
44
45
46
47
48
49
4miles
4
4gly
48
4
45
4
421848n
42
42
45
45
45
486
486metres
49
40
45
4
4
400
4
4
4
4km
45
4
450030n
45
45
4
4
4
42
45
4
4
41
4
4
4
4
4
47
400listed
40
415726n
41
43861w
41
43861
41
438498
4
44
45
4
4th
405756n
40
40
40
4
4
4
49
41
490
4
491
4
4
4
400
41
4
401
4
4
4
45
45
45
49
45
40
45
45
45
45
45
49
4
45
45
45
45
40
40
45
45
40
40
45
45
45
45
45
45
45
45
45
45
45
45
45
45
45
45
45
45
45
45
45
45
440405n
44
44
4
4
4
4
4
4
40
4
4
4
4
4
4
48
4
4
4
4th
4629n
46
483n
46
483
4
4
4
4
45
4
400
45
4
4
4
40
41
42
43
44
45
41
40mm
40mm
40mm
40mm
4
45
47
4617n
4948e
46
49
46
49
400
4
4
4
494656n
49
49
45
4
49
44
4
4
4
40
41
42
43
44
40
4
450million
4
40
41
42
43
44
45
46
47
48
49
4
4000
4500
40
4
40
452
4
4
45
45
4
4th
49
4744
4
41
4
489
40
40
4
411
4
45km
4
40
4
4
4
4
4
4
4
4
437
422
4
42km
4
4
473
43
4
4
4
44
4
43
4
4
4
4th
4th
4
49km
4
4
40
41
42
43
44
45
46
47
48
49
45
40
4th
4
4
4
40
4
4
44
4
47
4
498
4
481500n
48
48
446n
446
4
4th
4th
4
4
4
4
4
4
4
4
4
4
4
4
4
47
45
411
450
4
4
40
4
4n
4
47km
441
411
462242n
46
46
46
4
4
416
480
44
4
45
4
442
4
40
459
46
4
4
4
4
4737
4
4
4
4
4
4
412
4
4
4
4
432
427
46
46
432
4
48
40
44
45
40
40
491
474
466
4
4
439
4
4
4
461
45
4
4
4
48
4
4
4
40
41
42
43
44
45
46
47
48
49
4th
4th
413f
4
4
4
4
4
4
4
4
4
4
427
4
450km
48km
4
450km2
4
48km
4km
4
4
4
43
4
4
49306e
49306
4
4
4
4
4
4
4152w
41
41
4
4
4
4
4
40
4
4x100m
4th
4
4
4
4
480
40
45
44
45
42
4
40
440
41
45
48
4
46
4
4k
400
46
42
4010
400
4
4
40
41
42
43
44
45
46
40
4mi
4
454
454
40
454
4000
4000
4
4
4
4
4
40
44th
492632n
49
4422n
49
4422
4
4
4
4
4
4
4
4
4
405526n
40
40
40
4
4001n
40
40
4
478
47
47
4
4
4
4
4
40
45
45
47
40
40th
4
41
42
43
44
45
46
46
47
48
49
40
48
47
400
49
4
4
4
4
4
4
4th
4
450
4
4
4
4
40
40
4
4
44
481957
4
44828w
44828
4
484622n
48
48
40
46
4
4
45
46m
40th
40th
400
412
4a
424
424
48479
4
4
46
4
4
4374
4
40
4
46
47
48
49
47
463
469
4
4
401249n
40
40
4th
4
4th
4
4
40
4
4
4
4
4
4
4
4
4
404611n
40
40
400
489
46
474230n
47
47
401
474
457
474
457
474
401
4
457
474
469
471
467
468
474
450
457
471
478479
463
44km2
4
4
4
4
4
4
45
4
4
4
4
4
44
4
40
46
470
485
470km
4kn
4km
4
45
46
47
48
49
400
401
402
403
404
405
406
407
408
409
410
411
412
413
414
415
416
417
418
419
420
421
422
423
424
425
426
427
428
429
430
431
432
433
434
435
436
437
438
439
440
441
442
443
444
445
446
447
448
449
450
451
452
453
454
455
456
457
458
465
466
467
468
469
470
471
472
473
475
476
477
478
479
480
481
482
483
484
485
486
452105n
45
45
424
4
42
44
45
42
4
4
4
47mi
445324n
44
44
4
4
4
4
428
4
4
4
479
482
4
4
40
4
4
4
4
42
40
4
4
4
4
4
4
47
4
49th
4
4
4th
4
47
4
4
4
4
4
4
4
431
4
49
40th
42
4
4
4
4
40th
4
41
43
47
45
411
40
41
42
43
44
45
46
47
48
4
49
4
4
4
4
41
4th
400a
4
4
4
4
4
43
4
433n
4e
433
4
4
4
4
40
4
4th
4
4
436
4x400m
48kg
400m
4x100m
4x100m
4
400
4
4
400
425834n
42
4114e
42
4114
4
4
4
4
4
4
4
46
45
4
4
45
47
40
4
4
4
4
4
4
4
4
4
4
4
4
44
443
40
4
448
407
4
4
4
473
473
4
4
4
4
49
4
456
4
4
4
4
457
4600
4
4
478e
478
4
4152
4
4
4
4
48m
49m
466
45
45
45
44
448
460
433
498
46
477
465
499
43
46was
40
45
466
4
4
4
4
4
40
47
400
40
41
42
43
44
45
40
40
4
4
4
43
4
43
43
4
434838
43
43
4
44
4
48
473223n
47
47
4
4
41
42
43
47
49
4
4
40
41
42
43
44
45
400
462815n
46
4708n
4928w
46
4708
4928
4
4
4
45
47
4th
4
47
47
4th
41
46
48
47
47
420
47
47
4th
48
47
47
47
46
46
47
47
49th
4th
47
46
41
47
4th
47
47
4th
41
47
48
4
47
41
48
47
47
47
47
48
47
48
47
47
47
47
41
47
47
4
47
47
47
47
47
4th
41
44
46
47
48
4
4405e
44
44
40
4
483644n
48
48
4
4
4
46
4
4
4
4
45
46
4
40
49
4
4
4
4m
43sqft
4
46
4
4
4
43
44
4
4
4
41
4
4
4
406km
430km2
4
4th
4th
4th
404709n
40
40
448
4
4
4
4
4
4
4
4
4
4
48
40
4
4
4nm
4
45
40
494
4
4
48
41
44
45
4
47
4
4
40
40
4
4
43
417
465858n
46
46
4
4
4
48
47
4
4
4
4
4
40
4
4l
40
4
4
4
407
407
450s
413
421
451
475
4th
47
427
420
4th
4th
43
4349n
43
43
4
4
4
4
4
4
4
4
4
4
4
4
4
4
4
4
46
4
4
4
4
400km
4
4
4
43
45
483505n
48
48
4
4
4
400
41
48
4
4
4
427
427
480
42
4
4
4
484824n
48
48
4
484301n
48
48
4
4
4
4
4
4
4
4
4
43
4
4
4
4
4
400
4
4
416
4
40
467
49
45
40
41
48
46
42
43
44
45
46
47
48
42
49
40
4
400
4
400
46
400
4
40
412947
41
4964306n
4386694w
41
4964306
4386694
4th
4200
4mi
4
4feet
4
45
4
443412n
44
41306w
44
41306
4
4
4
47
47
44
4
4
40km
4
4
4
4
4
46
48c
4
4
4
46
48
4
4
4
4
4
4
4
4
4
4
4
4
4
4
48
4
4
447
4
4
4
4
4
4
4
4
4
4
463
491
4
4
4
4
43
4
4
4
46
4
4
409
4
4
4
4
4
4
4
49
43
40
40km2
4
4
4
41
40
4
4
4
4
4
4
4
4mi
49mi
4
497
412353n
41
41
47
46
4
47
4th
4
400
4
4
400
400
40
4
4
40
4
4
4
40
4
4
4
45
40
482117n
48
48
4
4
4
40
44
47
4
4
4th
4
4
400
4
4
4
463
463
420m
403m
406m
4
4
4
4
4
45
4
4
48
41
4
42
4
47
4
400
4
4
4
4
404830n
40
40
496
450
400
400
4th
40
4
4808n
48
48
480840n
48
48
434
4
40
4
42
4
4
4
4120n
41
41
4011n
40
40
40
45
40
4
420members
400members
4
4
40am
4
4
4
4
40
4
4
40
41
4
4
4
4
4052788
4
4
4
4
460025n
46
46
4
4
4
4
4
4
4
4
40
4
4
4th
4th
4
4
4
403745n
40
40
40
4
4
44
45
43
4
4
4
4
4
4
4
4
4
4
4
4
4
4
4
4
4
4
4
4
4
4
4
4
4th
4
451237n
45
45
4th
4
4580204755389
4
4
4
4
47
4
47
40
47
40
4
40
401
4
4th
4
4
4
4
4
45
490
4
40
4
4997
4
4
400233n
40
40
4
4
4
405
4
4
4th
4
40
4
40
400
42nd
420
4
43
45
4
4
4
4
4n
4
42611n
42611
4
4
4
4
45
4
4
4
4
4
4
4
4
4
487km
43
4th
43
4
4
4
46917n
46917
4
45
45
4
40
4
4
433856n
43
43
43
4
4
4
43
4
44
44
45
44
4
45
4
4
45
4
4
4
4
4
4r03
4
42889n
42889
4
4
49
411
4
455
4
47
49
45m
43
43
4
4
4
4
44
4
4
484
44
4km2
42
45
4
40
46
4
43
44
45
435
4
49km2
4
4046
44162w
44162
470738n
47
47
4
4
4
4m
400
4
40
4
42
40
4
4
4
4
4
40
41
42
41
41
43
44
43
43
43
45
46
47
40
48
49
47
47
4
4
4
453258n
45
45
4
4
4
419
475
4
46
43
4
4
44
45
49
45
4
4
405134n
40
40
436
41
436
4
4
4
4
4nm
4km
4
4th
4508w
4508
4
4
4
4
4
44
46
40
4
499
417
44
499
44
45
48
425
41
4
4
4
4
4
4
4
4
440434n
44
44
4
4
4
4
4
4d
4
4
4
46
41
44years
49mio
40
4x100
4
41
42
47
4
4458e
44
44
4113n
41
41
49
4
4
49ers
478
4
4
4
4
4
4
40
41
42
43
44
45
46
47
48
49
4
47
401st
401st
401st
401st
401st
401st
401st
401st
401st
401st
401st
401st
4e
4c
4d
401st
401st
401st
401st
401st
401st
401
401st
401
401st
401st
401st
401st
401st
401st
401
4
455233n
45
45
427
45
427
4
47
4
4
4
4
4
4
4
4
4
40
49
413
4
4
410ft
41st
4
4
4
4
4
4
455
400
4
4
4
4
49
4
4
4
4
45
45
4
4
434122n
43
43
45
4
40s
42
4m
4
4
4
4
4
470
4
408
4
4255n
42
42
4
4
43
4
4
4
4
4
40
4
46
40
44
45
46
4
4
4
4121s
41
41
4690
46
46
473148n
47
47
4th
49th
49th
49th
40
4
4
4
450
400
472130n
47
47
4th
43
44
4
455
4
48
44
45
43
433340n
43
43
4
4
4
4
40
400
4
4
4th
4
4
4
420
400
4
4
4
4
4
4
4
45th
4th
4
4
423
4
4
4
4
4
46
41
41
41
41
4
434318n
43
43
4
400
4
40th
4
45
4
4
4
42
4
44
45
44
48
4
407w
4
4
400
4
4
4
4
4
4
4
4
4
45
40
4
44th
49th
49th
4
4mi
4
4
4
4
4
413
4
4
4
4
4
42
4
4
4
4
48
4
4193e
4
4
4
4
4km
4
43
4
4567
4
4
4
4
40
40
4
4
4
4
4
4
44
40
4
4
4
4
4
4
4
4
4
4
4
40
4
4
4
4
4
4
4th
4
40
4
4
4
4
4
45
407
4
4
4
4
4
4
4
4
4
4
41
4
450
4505w
4505
4
4
4
4
400
485mm
4
4810n
48
48
4
438
438
46
40
4
44
45
42
48
4
4
4
4
4
483s
483
4000
4
4
4
4
477
4n
4
4
4
45214w
4
4
4
40
4
4
4
4
4
4
4
4
43
40
4
4
40
40
41
42
43
44
45
45
46
47
48
49
4
4
4
4
42
48
4
45
4
4
4
4
44
45
4
40
49
4131
400
400
4n
4
4
4th
43
4
4
4550e
45
45
4550e
42
4
4th
42
45
4
42
48
49
47
4
43
45
45
46
40
45
40
45
4
4
4
4m
491
471sq
4776w
4776
498
498
48
41
44
45
460
4
4
4
4
4n
4
4
4
4
452020n
45
45
4
4
4
40km
4139n
4139
48
4
4
4
4mhz
45
4333n
4333
435608n
43
43
465226n
46
46
4
475915
43n
47
47
482312n
42948w
48
4
49667w
48
4
49667coordinates
482312n
42948w
48
4
49667w
48
4
49667
4
47
484011n
48
48
461418
46
46
46083n
46083
460949
468
4
483
4
4
44
45
41
4
4
40
4
4
4
40
445
4
4
4
4
4
4v
4
4
4
4
4th
4
472
4
40
48
48
4
4
413202n
484841e
41
48
41
48
413
4
4
40
4
4
4
4
40
44
4
4
474717n
47
47
472956n
47
49889n
47
49889
48
4
482331n
48
48
4
40
40
41
42
43
44
45
46
47
47
48
49
4
4
4
40
4
4
4
4
4
4
431
421
425
4mi
40mi
4
4
40
4
4th
4th
400
4
4th
420455w
42
42
428
4
4
4
4
4
4
480
40
41
4
4
43820w
4
4
4
4
4723n
47
47
400
445729n
44
44
4
47
4
4
4
4
4
4
4
4
4
4
4
4
4
4
4
4
4
4
4
4
4km
4
455
404603n
40
40
40
495
49th
40
41
42
43
44
45
46
47
48
49
40
43
40
48th
49th
455
455
436
487
43
4
44
45
4
40
43
4
44
4
45
4
4
4
4
4
4
4
4
40
4937
4929
4928
4
4
4
41
40
40
4839s
41
4
400
4
4
4
4
4
410
410
405
405
405
405
405
405
4mi
4mi
40
4
41
4
42127w
4
4
41
4
491ft
4
494
4
44
46
41
4
44
45
400
400
4
40
4
4
4
4
4
44
4
4
4
434608n
43
43
4
4
43
4
4
4
40
45n
45
4
40
4
4
419
4
4
4
40
40
40
41
41
42
43
44
491540
49
49
45
46
4
468
4
4250n
42
42
4000n
4848e
40n
48
40
48
400
4th
4
4
4
453719n
45
45
4
4
45
4
43
428
435m
407
4
471ft
4
4
46
4
476
4
400
