7
7
7th
7th
7
7
7
72
7
75
75
7th
733
730
76sqmi
7
749
7
7
7
7
7
7
7
7
7
73
738
7
7
7
7
713
7
75
717
7
7
734
7
7
7
707
7
7
77
7
7
774
7
7
7th
7
7
70
70
7
727
7908e
79
79
73
79
7
70
7seconds
7
7cm
7
7
7
780
7
770024w
770024
70
7
725
7apower
7psquawk
7
7km2
7km2
7200
7
7
7
70
72
70s
7
7
78
71
7
71
74
7
7
7
71
70
7
750
7
70s
70
7
7
714927
71
71
700
700
7
7
7
7
7
7
760mmhg
760
7
7
7901
7
7
75
77
7
7m
74m
7
7
760
7
720short
72
73kg
7
7
7
7
7in
700t
770short
76111e
76111
7
78th
7
7
75
70
79506n
79506
7
7
73
7km
7
7
7179434n
7179434
750
7
7
7
700
700
770kg
700
7
7
7
77
7
7
7
7
79
752w
752
70
7
7
7
79
7
7
772
745
7420e
74
74
700
7
70
76th
7
7
7
7567
7
7
7
7
7
7
7
7mhz
7
7
7
7
750
750
775216w
77
77
761
742
7
73
78
7
707
740
7
7
7
7
7
71kw
71kw
7in
762
70hp
70hp
7a
7
70
70
700
700
7000
7th
75e
75
74
7
736km
750
757km
798
7
74km
77km
73
7
7
79
7
7
7
71
7th
7
7
7
7
763453w
76
76
76
7
7
7
7
752849w
75
75
75
7
7
733
70
7
7
7
765e
765
7
7
7h2
7
779
7
70
71
72
73
74
75
76
77
78
78
79
7
7
7
7
70s
70s
7
74km
78mi
7111263w
7111263
7
7
71
7
7
7
73
7
7
78
70
79km
75
755s
7
7
7
7
741325w
74
74
7
7
75
76
77
74
77
7
72315n
72315
7mi
74
7
7
7
75
700
7
7
7
71
7
7
7
7
7
734
700
7
7
71
7
70
7
7
728
774
72
7
70s
7
7
7
70
70
7
731651w
73
73
7
74667n
79806e
74667
79806
77
77
7
7
7
7
7
70sqmi
769
7
7
7
755
7
7
7
79
7
7
7
7
7
7
7
7
7
7
7
7
7
71
7
75
7mi
7
7
7
7
79
7
7
7
7
72km
7
773500e
77
77
700
7
7
7
7
7
7th
7
7
737
737
737
737
737
737
737
737
737
700
737
70
737
7
7
7
7
75
70
7
7e
7e
7
70
70
7
75
75
74
7
7
7402
744525w
74
757w
74
757
7
7
7
70
7april
7
7
704
7
7
70
7
7
7
7
7
73
7
7
7
7a
7
7b
7
739
7b
7b
7
7
7mi
7
7x108mm
750
7
79
798
794101w
79
79
774m
765m
765m
764
764m
78th
76th
7th
7
7
7
7
70
7
7
76
7
740
7
7
70
7
700
7
7
7
7
77
717
7
742
7
753522e
75
75
7
74
7
7
7mi
73km
771
7
7
7
7
7
701
7
7
70
7
700meters
7
7
76th
7
7kg
7th
7
7
73
77
7
70km
7
7
740
7
7
7
7
7
7
74
73
70th
700
750
7
7
7
7
71
7
7
7
7
7
7
7
7
7
7
7
7
7
7
7
7
7
7
7
7
75
77
78rpm
7
70th
7451
750sqft
70m2
7
741404w
794148n
74
794148
74
73
73
7
74
7
7
7
77
7
7
7
71
70
71
72
73
73
78
743
7
7
7355s
73
73
7355s
73
73
7
7
7
7
75
7
7
700
7
7
735
7
7
7
7
7
750mm
70
7
7
76
76cm
7
7
720438w
72
72
7
7
78917n
78917
789241
77
70
77
71
76
76
76
73mi
76
76
7
7
78
75
78100
70
760
7
7
7
7
7
7
7pm
794445
7443379972n
79
746059w
7443379972
79
746059
75
7
7
7
71
7
711
77
73s
73s
73
729
7425
7
76s
76s
76
76s
7
7
70
720
715
723
724
738
7
7
7
764
7
7
7
7
7
7
7
7224e
72
72
7
7
7
75km
70km
764
74
7
7159
743055555556e
743055555556
7218e
767n
72
767
72
7
7
76
7
7
707
7
7
753314w
76389n
75
76389
75
737
737
72
750
7
79
79
72
70
70
71
7
7
700
729
743
7
75
75
70
724
7
75
7
74
7
7
7
7
7
7
75
7
761
71
7
7
70
7
7
7
749
7
711
714
7
7
7
700
71n
7460139e
7460139
76
7
7
74
70
74
7
715
75mm
71244w
7
7
7
7
7
7
75
70
77
7th
77
70
7th
70
77
7
75
75
75
75
7
75
704472w
704472
75
74km
70429e
7
7
70
7
7
7
7
725
759
759
7th
75
793021w
772288n
79
772288
79
7
75
73
7
73
75
73201e
7326n
7
7326
7
7m
74acres
7
740907w
74
74
7
78
70
71
72
717e
717
7
7
7
7
7
7
752
752
7
72606e
7
7
76
75
75
7
7
7
741
7km
7
7
7
7
718w
718
7
7km2
7
741
747
7
70
7
7
7sl
7sl
7
7sl
7
7
76
722
7
7
7
7732w
767n
77
767
77
750
7
71
7
7
7
7
72
7
7
7
7
741731w
716n
74
716
74
7
78
7
7325s
73
73
7325s
73
73
7th
7
7
7km
70
7548
7
7
7
7
77
7
7
7
783e
783
733
79333n
79333
793389
7square
7km
733
725
73
7
78
7
735
7
7
71
72
73
77
7
735745w
77778n
73
77778
73
7
76
7
7
7
7
7
70
7
7
7
7
7
7
71
7
7
7
7
7000
75
7
7
7
7
7
71
75
7
7
71st
7
7km
742
78
7
7
734
719
792tonnes
7
7
7
7
7
705
7
7
700
7
7000
75000
74
74
7
7000
7000
734
70
7
76
720
7th
7th
7726716n
7726716
75
7
7
7
7
700people
7
700people
7
7
7
750
75
760
7
7
77
7185n
7185
75
70
78th
7th
7
7
7
7
7
70
79
7
7
7
7
71
72
7
7
7
7
7
79
7
71
7
7734
7660
72694n
72694
741
7
7
7th
7
7
7
7
7
7
7
765
70
779
71714n
71714
7
77
7
7
7
7
767n
767
7
7
7
7
76n
7432667n
7432667
75000
7146e
73n
71
76e
73
71
76
7
7
7
7
76
7
716th
7th
7
7
7
7
7
720361e
720361
7
7
79167w
79167
784
765
7
7
7
7
7
72
7
7
7
73m
77kg
74
70
76
78
79cm
79cm
7
7
7
7
7
7
7
75
7
7
70
71
72
73
74
75
76
7
77
78
79
7
7
707
7km
707
7
76
7
733
7
7
723
7
7
7
7
708
7
708
7
7
7
7
7
70
7
7
7961n
7961
782703w
78
78
750
7
7n
7
79th
7
71028n
71028
710216
78km
72
7
7
700
75
7
7
75
733e
733
7
71
71
70
77
7
75
7
71
7
7
7
7
71
7
70
71
72
73
74
75
76
77
78
79
7
7
7
7
7
780
7
7
7
700kw
7in
757
7
71
7
7
7
7486n
7486
76
74016w
71222n
74
71222
74
74
74
74
7
70
71
72
73
74
75
76
77
78
79
72
78
7
7
77
7
7
7
720
7
7
74
7004417w
7004417
7
7
70
7
7
78270e
78
78
700
7
7
7s
7
7
75km
7th
7
7
7
7
7
70
76
77
7
7
7
7
767n
767
737
740
7
79
747
765
71
788
7
796
70
71
72
73
74
75
76
77
78
79
7
7
7
785352w
78
78
75th
7
7
7
7
75s
75
76
7
7km
77
7
7
7
7
7
7
7
70s
75
75
75
7
75
7
782
70
75
700
70
7
7
7
78
7
700
7
75
7
7
75th
7
77
77
77
7
7
7th
7
7
7
710km
7km
7km
700m
700m
73
7485991w
7485991
7
7
74
75
76
77
71
75
7
7km2
7
7
7
77
79
77
77
797
75
794903e
79
79
76
78
7286
79
7
795715w
79
79
7
7
7
75th
71
7
7
7
7
7
70
71
72
73
74
75
76
70
70
77
78
7
7
79
7
7
7million
7
7
70
71
72
73
74
75
76
71
77
78
79
75km
73
7km
77
70
7
7
7
775
733751w
73
73
7
75
75
79
7
7
70
7
783e
783
7
7
7
7778e
7778
7
7
75
75
75
7
7
7
7th
7
7787687
7
7
75
7652n
7652
782727w
78
78
7
7
75
75s
75
75s
75
7
7th
7
7
72
7
72
70
76
7
7
7
7
70
71
72
73
73
74
75
76
77
78
79
7
70
70
75
7
7
7
7
75
7
7
75
72
700
75
78
759
771539w
77
77
77
79
759
7
7
750
77
7
7th
7
7
783e
783
7
75
7
7
71
7
7
7
7
7
736
736
7
70
7
7
7
7
760
775
778
784
785
7
7
7
7
7
7
7779n
7779
7
7000
700
76
7
75
7
7
7
7
710
7
7
7
7
7
74
7
7
7
7
7
7
7
7
7
7
7
700
7
7
7
7
7
7
7
75
789
7
750
70443w
70
73417w
70
73417
74611n
79694e
74611
79694
7
76
70
73
75
76
77
78
79
79
767
7
7
73
7
71
7
78
78
7
7
7
75
7
7
7
723
7
76
7
7mhz
7in
775
73rd
7
7
7
7
7
72
78
7
7
7
7
71
7
7
704
7
7
7
7th
7
7
7135
7
7km
7
7
762m
7
7
762m
7th
7
70
73
748
7
741242w
760003n
74
760003
74
7
75
7
7
7
7
7
76million
70
71
72
73
74
75
76
77
78
79
7
7
7
7
7
70
7
7939s
79
79
7939s
79
79
7
700
7
7
7
76
7
7th
7th
7
79th
70
71
72
73
74
75
76
77
71
78
79
79
76
7
71
71
7
70
77
73
77
7th
7th
70
77
7
71s
7
7
710332w
74361n
71
74361
71
74
71
7m
7
7
7
7
7
72
7ft
731948e
73
73
725
716km
7
716
7
7
7
763405w
76
76
7
7
7
7
7
78
7392e
7392
7aqq1iumig4dkmwpbi
7
7
70
7
7
78
7
7
7
7
7
70
7
700kw
752
710
710
710
710
740
75
70s
75
710
70
784
7
75
757
7sqmi
7sqmi
7
70mph
74
7
7
7
77056n
77056
7
7
7
7
7
7th
7
7
7
71
70
7
7
7
7
7
7
78
7
7
7
7
7
7
7
7
7
7
7
7
7
7
7
7
7s
7
75n
75
78th
7
7
779
779
7
710
7
77s
79167w
77
79167
7
7
701
7
7
71
71
7
7
7
78
7
751138w
75
75
7
7
75
71
7
70s
7
7
74
7
7
7
7
7
7
7
734658w
73
7829104w
73
7829104
7
7
7
701
79
72
74
7
763
77
77
7406778n
7406778
762
7
7mi
78n
7
7
71
7
700
75
70
74
72
7
7
7
7
7
74km2
70km2
76
7c
7
7c
70
7
71
78
7th
715s
7
7
75
70
7
7
7
7
7
7
7
70
74
78
7
70
7
7
7
70s
7
7
7
7
700
7
7
7
70s
7
75633e
7
7
71
7
783s
78
78
783s
78
78
7
7
7
7
7
70mph
76mm
71
7500
7
75
7
76
7384
7
7
711
7
7
77
75
78
77
77
7
77
75
7
77
79
78
77d
77
77
77
77
77
7
787
74
77
7square
78
763
7
71
7
7
7
7
7
714938w
71
71
7
79912
7
70
7
75e
75
7
7
7
75
7
7
71361n
71361
7044n
7479w
7044
7479
7
7
767
7
7
7
72
70
7
7
7
7
7
7
70103
70f
75
7
7
72157e
7
7
7
7
7
70s
70
7
77
70
7
74
74401
741300
74544
74
784786
74
741301
741310
741311
741321
74498
74
741192
741230
741234
7mi
76
776
79
7
7
746m
76mm
7
773017n
773017
7
7
7
71
7
77
77
7
7
7
70
7
750
7
78
7
730904983109
7
7
7041
7
707
707s
707
747s
707s
727
747
747
747
747
727
737
720n
7
7
733615w
73
73
73
756
777
77
756
7
7
7
7
7
79
7
7
71
72
7
7380
77
7
7
72
7
70
7
7
7
7
7
75n
75
7
70s
7
713cm
7
74
7
7
7
7364n
7364
784
7
7km
7
7
75
76
7
7
757
715
7118w
7n
71
7
71
7
7
7
7w
7
7th
75
7
7
7
7
77
77
76
7
763027w
76
76
7
7
72667w
72667
7
751018w
75
75
7
74
71
7
74
715
7
7
7
7
7
7
7
71
7
7
7
72
73
74
7
7
77
74
780
7th
7th
71
76th
7
7
7333s
73
75w
73
75coordinates
7333s
73
75w
73
75
7
7
70
7
7
71
750855w
75
75
7
7
7
70th
7km
70
71
72
73
74
75
76
77
78
79
79
7
7
7mi
737
7
7
7
7
7
76kw
778
733w
733
756
70
7
7
7
7
7
7
7
7
7
73
73
7
7
705
702
702
702
705
705
703
7
705
728
756
754200w
75
75
761829e
76
76
7th
700
700001
7
712169w
712169
7
7
7ft
7
7
7
7
7
7
7
75
75
7
7
70s
70
7
7
7
78
7
76
7th
79
7miles
7
70l
7l
7
7
7
72ps
79kw
7
7
72
73
78
75kw
7th
7th
70km
75
70
7575e
7575
7
7
72
7000
7001
7003
7004
7006
7007
7008
7009
7010
7001
7010
7178
7089
7701
7787
7229
7230
7
777
7
7
770
751
787
720
7
770
74
7
7
7
7481
7
710
70
7
7333e
7333
74
74
742
742
7
7245w
72
75w
72
75
75
7
70
7
7
79nocs
7
7
7
7th
70th
71st
72nd
73rd
74th
75th
76th
77th
78th
79th
7
7
70
7
75
7
7
79
7
7983n
7983
7
73
72
7
72
7
7
7
7
7
70
79
7
73
76
76
7
7
71
71
7
7
7
7
7
7
7
72
7
77n
7
700
7
70
70
75
72
74
74
71
71km
7th
7
7975e
7975
7
70
7
7
731
7038
7
7
7
7
7
7
7
7
73265
7
79
7
77
715
7
7
7
770029w
77
77
76
767km
765km
70
70
747
72n
72
75
720mm
7
7
7
70
7
7
7
7
7
7
7
7
7
73
7
7
7
7
7
76km2
76km2
70
7
7
750
7
7
7
78
7
7
7891
71
7
7
7a
7
7
7
7
754126w
75
75
79x165
7
7
71w
71
77w
77
77
76
7
71
78
70
77
7
74
7
7
76
76
72
71
70
70m
70m
7
7
7442n
7442
7
7
7
7
7
7
7
7th
7
7
7th
7096167n
7462472e
7096167
7462472
7
7
7
7
75
7
700390
7487w
7487
750
7th
75
7
7
7
730killed
7
70222n
70222
7
7
7
70
7g
7g
730m
7g
7
7
7
7
7
75
7
76
7
7
776
7m
7
7
7
7
7
745
7
7
7
7
74
7
7
7
7in
7
725
7
700m2
751w
751
7
7
72
711
725
77
7
72
75
70
7
700
7
7
7
7
7
7
7
7
74
7
768481n
768481
7
75222n
75222
760mm
700m
760mm
700
75806n
75806
7
7
7
7
70
77
7
73900
7
7
7
7000
7
7599w
7
7
7
7
7
7
7
7
713258w
71
71
70s
7
7mi
79km
7
7margaret
733e
733
7
7
774301w
77
71694w
77
71694
799ft
700
7
7
79
7
7
7
7
7
7
776
716
7
7
7
70
74
7
70
75
70
70
7
7in
7mg
7
7
740828w
74
74
776
7
776
7
7million
72km
79mph
7
75
75
7
7
7
750
7
767n
767
75
70
7
70
7
741
7
74km
73rd
76th
73rd
76th
7th
7th
7th
75th
76th
77th
78th
79th
7th
7
717n
75e
717
75
7
7
7e
7
73
77
71kg
7
7
73
76
7
7
76
7
7
7
73
7
7
75
7
7
76
73
7
7307w
73
73
770
72
7
73
7
7
70
7
70s
700
71
7701
700
76
704
77
78
7
7
759
77
79
7
7
7
7
7
7
7
7
7
7
7
75
7mi
75e
75
7
71694n
77806e
71694
77806
7
7
70
76
71111w
71111
7
7
7
7
7
7
7
7
7
7
7km
7
7
7
75
75
793
7mi
7mi
70
7
7km
70
7
7
7
73
7
7
7
7
7
7
73
709
75million
7
7
75million
7
7million
75million
7
75million
7
7
7
7
7
7
7
7
7
7
700
7
765
766
767
70
7
7
7
7
7
75n
75e
74
78
7
7
7
70th
70mph
7l
7
7
750kg
7
7
7
70
712
718
7th
7th
7th
7
7
70
79
7
70ft
75kw
7
7
7
745
748
748
720
7km
7
72
78km2
7
75
7
7
750
751304w
7747n
75
7747
75
75e
75
76
75
7
7
7
70
79
7
7
71
7
70
76
7
7
7
793
704
7
7
74
70694
7
7
7
71
73
74
75
76
77
78
731136w
73
73
7
7
7square
7
7
7
76
719
700
750423w
75
75
7
70
7
70s
7
7
74
781
7
7
7
750mm
750
75mi
7
7
7
741
7
75
79kg
7
72
767
740mi
79mi
723712e
72
72
75
76th
7
734
736
7181
7
7
750
7
7
7
7
7
7
7
76m
7m
7in
7
7
7
7
7
75mm
700
7
700
795000e
7666667n
79
7666667
79
7
7
72km
747
7august2011
7
757th
7
7
70
7
7
70
7300
770
740
7th
768
771
705n
705
7
7
7000e
7000
7506s
75
75
740
780
7500s
75s
75
734924e
734924
77
75
7
75
75
7
79
7
7
7
73
7271e
7271
72km
7
7
7475
74
700
7
73km
70
7
725
7
725
75
7
7
7
7
735
7360e
73
73
7
7
7th
7
742903w
74
74
70
7
7
7
7
7
7
7
7
7
7
77w
77
7
73778n
73611e
73778
73611
774
7
73
7
71
7
75148n
7
7
7
7
7
76
7th
75
70
7mi
7
7square
7km
7
7
7
7
705
743
7
7th
7th
7
7
7
7
7th
7
7
7th
740
763929
76
76
7
7
70
71
72
74
75
76
77
7
71
75
7
70s
7
76
7mi
74km
7976n
7976
744w
744
7653s
76
76
7653s
76
76
765
7
7500
71
778
7
7th
7
7
708
720
7
7
75m
7042w
70
7w
70
7
73
793km
790
716
78
705feet
78
75100cm
7
7
7
7
7
7
7
7
7
7
7
7
7
705
705
705
705
7
7
76
7th
7
7
7
7
7
7
7
7mi
7225n
7225
780w
780
7
747w
747
7
744
708
77
70
7
75417n
75417
73254n
74997w
73254
74997
7
7
7th
7
714
72
7
70
714
75
7
7
7
700m2
753
7th
700m2
700m2
7
7
700
7
7
760m
7
7
7
7
75
74
7
7
7
7
7
7
7
7
7
7
70m
7
7
7
70
70
776
7
7
747
7
7mhz
7
7pm
7pm
7
7
7
7
7
70
7
738
71
70
719
7
701
755
7
7
74
75
76
77
78
70
71
72
73
74
75
76
77
78
79
7
7
765727w
76
76
7
7
7
718
75
7
7
7
78kg
7
7
7
7
70
7927235e
7927235
7
7
7
766
7
7
7
75in
7
7
7th
7th
7
7th
76n
714336
71w
71
7268639w
71
7268639
7
7
7
75km
70kw
750008w
75
75
71
74
74
72
74
79
74
71
71
7
72
74
71
74
7
7
7
7
7
700
7
7
7
7
7
753
70
7
7
7
74th
74th
7
7288n
7288
7
797
79
77
793
7
7
7
7
7
77278n
77278
7
714
7
7264n
7264
74
7
7th
7
7
7
7
7
7
7
7
7
7
7
7
7
7
7
70
7
7
7
7
7947e
7947
7
7
7
7
7
7
7
735
7
7
7856w
7856
7
7
7
7
750
700bce
734
727
721
7
701
75th
75th
7
7
7
7
71
7
7
7
70
7
7
790
7
7
70
7
7th
7
7
7
75
7
747
700
765905w
76
76
7
7
7
75
7
7
7
747
752
7
700m2
7
7
7
7
79
750
7
795
7
7356n
7356
750511w
75
75
7
7166667w
7166667
7
7
7
7
75016
75116
7
7
720
7
7
7
7
7
7
7
7
7
7
7
70
7
7
7
7
7s
7
70
7
770c
7
7
7
75
73e
7
71
7
7
7
70150mm
70
757614n
757614
75
763220w
76
76
76
7
73
70
76
7
7
77
7
7
7
7
711
7
717
76
75
7
75
7575s
7575
7
74km
700
7
7
7
7
7
7
772
785
727
7
785
7
7
7
73
7
7
750
72
75m
72
76
73
72
72
76
77
78
79
70
7314s
73
73
7314s
73
73
770km2
70
7
706104n
706104
77
700
7
798
7
7
72nd
7
74
768
7
7
7
7
70
7
7
75
75
75
75
75
75
75
7
7
7
7
78rpm
78
7
7
7
7
7
7
703618w
70
70
78062
73972n
73972
7th
7
7
7
71527778n
71527778
717e
717
7
7
7
7
7
7
7
7
7
727
727
727
700
7
7
7
7
79
7th
72nd
700
7
720m
7
7
79
79metres
74
7
7
7442n
7442
74639s
74639
7
793950w
79
79
79
7
7
7
7th
73f
700
7
700
7
7th
7th
7th
731
7
7
70
7466
7
7
7
7
7
7
71
74
74
7
7
796
7
78
7
7
7
7
7
7
73
75
70
7
7
7
7
79
74
7
7
70
7
7mi
74km
75e
75
70
7
77mi
7
7
7
7
7
74mi
7th
7
71
74
70
71
72
73
74
7
75
76
77
78
7
74
76
7
7
7
7
7
74
7
71km2
7
751159w
75
75
7
734n
734
7
734n
734
710445w
71
71
75th
7
7
705mph
7
70
754
778
74
74
754
7
7
7
7
7km
7
7
7
7
7
7
71
7
7
744400
77
7
723411n
723411
7
7
78
7
7
7
708
776
7th
7th
7th
7th
7th
7
7th
700
7th
7th
7
709
7
71
71
71
7
7
7
7
7
78th
7th
79
700km
78
7
74
78
7
7
76806n
76806
7
7
7
7
7h2
7
7085mg
74
74
7080
70
71
72
73
74
75
76
77
78
79
7
774
70
79
79
79
79
7
7
7
70
75
7
7
7
7
7
7
7
7ths
7th
7sus4
7
730949e
73
73
70w
70
799
7
7
7km
785
72
71
750
7
7
7
7258
7304e
73
73
7th
7
7
7
721
7
75
721
7
762550w
76
76
77
7
756
7
7
75
7
7
7
7
71
70
7
7
722
7g
796
7g
7g
7g
7
7
7
750557w
75
75
753
7
75
7
72g
7
7
7
74659w
7
7830w
7
7830
748n
748
7
72623e
7
7
7
72
70
7mi
7
7
70
713
7
7795n
7795
7
7
769
714
7
7
7
7
751
7
72667n
72667
72667n
72667
793628w
76917n
79
76917
79
7155
7
700
7
715
745
74
7
7
720p
720p
7
7
7
7
7
71st
7
70
7
752s
75
75
752s
75
75
79417w
79417
7
7766744
71
7
7th
79th
7
7
7
741456w
74
74
70278n
70278
7047w
7047
75
7
7
7
70
7
700
795cm
7
75
7
7m
73days
7
785
788feet
7
79583n
79583
76000086
7
783e
783
78
7
76
7
7
700
700
7
780
73
7
7th
7
7
7347n
7347
7
7
7
7
7
7
7
7
7
7
7
7km
7
728
7
7
7
7
7
7
7
7
7
7mi
7
7th
7
7
73
728
7
72
706
7
75
76
7
7
710
7d
7d
77million
73
75
7
7km
780
7
7
75
778n
71195
71
71
700
7
7
7
7
764
764
7
764
7
764
74541e
7
76139e
7
76139
7
7pm
7am
756
7
7
7
7
7m
7
7
75
7
7
7
71w
7
7
7
7inches
7
7
73
7
7
7164e
7164
7th
7557w
75
75
71308e
7
7
780
7
7
7
705
7
7
7
7
70
75
74
70
7
7
7
7
76mm
76mm
7
765
75
756
76
700
737
767
767
767
757
7
7
7th
715
700
75
76
7
75
719
75
75
7
74
7ft
7
7221e
72
72
7
7
7
7
7
765953
7w
76
76
785
72
70
785
7
7
71
74
793714w
75417n
79
75417
79
7
774
774
7
73028n
73028
7236s
72
72
7236s
72
72
7
7
706
71
763109w
76
76
7
72
73
76
77
7
7
7
7km
7
7
7
7
70
7
7
7
76
7
75
7
7
7
7
71
7
7
7
7
7
7
75
7
774
720p
7
7246806n
7246806
70s
70s
7
7
7
7
7
70
71
72
73
74
75
76
77
78
79
7th
70
70
70
7
77
7
7
7
7
7
7
71
7
7
71
724852w
72
72
7
7
7
7
70444n
70444
7
7
71
70
70
707
740
746
7
750429w
75
75
7
773
755
758
763
773
7
71
71
7km2
7km2
786
7
786
70
700
7
750
7
78n
75e
70s
7
7
7
75e
75
7
7
7
78
7
7
73
700mb
71mi
7th
7m
72
7
7
70
7
72
72
74000649
7
7th
7
700
700
7
760030w
76
76
7
7
7
745
7
715
7
78n
7093833n
728222e
7093833
728222
797
725651e
72
72
7sl
7sl
7
7sl
7
7
7
7
7
7
7
7
7
757
7
75
7cblpprod
78rpm
78rpm
7
7
7
7
710pm
72
79
799n
7
7
7
7
7
7
7
7
7
7
7
77
799
700
7
7
75
7
7
7
7
7
7km
7428n
74
74
770842w
77528n
77
77528
77
7
7
7
7f8
7
7
7th
7
707
707
707
727
707
707
707
707
7
7
7
70
70
74
7
7494n
7494
7
771409w
77
77
773038w
77
77
77
78km2
714
750
7069n
7069
7
7
75
7
7
70
7
7th
7
74
72
72
70
76
7
7
7
7
7
74
7
7
7
73
7
7
75
7
7
750
712
7
7
7
7
76
7
78
79mph
74
7
70
7
7
7
7
7
7450w
74
74
7km
716
714
79583n
7575e
79583
7575
77sqmi
700
7094n
7094
7
7
7th
7
77
7
7
70
7
7
7
7
7
72222s
72222
7
7
725
7
7
7968420w
7968420
7
705728w
70
70
7th
7
7
71465
7137s
71
71
7137s
71
71
700cfa
7
7
711
7
7
7
7
789
7
7
7
7
75n
75
7
7
7
707
731
70
7
7
79
703
7
7
7th
7
71
77th
700
7
7
7641e
76
76
76
79
71
7
7
7
70
70
70
70
775
70
73
77n
77
77km
7
7th
7
70
70
7590
70s
70
74361s
74361
7
7
7
7
7
7
70
7
700
7
7279
7
7
75
75
75mph
70mph
75mph
79
70
7km
7
746n
7
7
7629s
76
76
7629s
76
76
7km
7
7
71
72
7
7
77
7
7
7
790
790
790
790
70
70
7
70
74
72
742
7
7
7
7
7
7
7
70m
74
77m
7
7
710336w
71
71
7
74
70
70
7943e
7943
704000n
70
70
7
70
7
72km
7
7
7
7pm
7pm
7pm
7
754533
79w
75
7593861w
75
7593861
75
7
7
7
71
71
7
705
71
7
7
7
743629w
74
74
700
700
7
7
734259w
73
7163w
73
7163
762s
762
7633n
7633
7
74
73
746
753
7
797
71
72
74
7
79
73
73
7digital
7
7
7
7
75
7
77171n
71154w
77171
71154
7s
7
7s
7
7
7
7
7128917w
7128917
7
7
7
7th
7
7
7
74
70
73
75
798
773
756
7
750333w
75
75
74
7
700
7
7
7
7
7
75
75
76
710
76
75
76
76
75
75
75
76
76
76
75
75
75
76
76
75
76
75
75
75
75
76
76
76
75
75
75
76
75
75
76
76
76
7th
75
7
7
79
7
74
7
7
7th
7
7
78
7
7
70
77
7
785359w
7333333n
78
7333333
78
7
7
70s
7
7
7
7
7
77th
7
7
7
750
763127w
76
76
773613e
77
77
70kg
7
700
7
7km
771
77th
7
7
70
75361n
75361
700
7
7
700
794
7
7
74
77
74
721e
7
721
7
7
7mi
73
7
7
7
72
75million
7
7
7
7
7
75
75823e
7
7
7
78km2
7
7
7
7
75n
7e
75
7
7
7
73
7
72chains
7
749
7
7
7s
72
75th
7
7193w
71
71
7531e
75
75
76
720
720
70
70
7pm
7
7
7
7
7
75m
7
75
7
71
7195528w
7195528
7
7
734
772619w
77
77
77
7
7
72
700
7
766
75
7
75
71
7
7
77
77
77
7
7cm
7
700
7
79
700
7
7
7
7
7th
70s
7
7
7
76
7
79
7
7
747
7
7
7
78222n
78222
7
7
7
7
7
7
7
73
7
7
70
71
72
73
74
7
75
76
77
78
79
70
7
730
7
7
7
7
757
767
769
70
76
780
759
7
7
7th3rd
7
7
79
7
79583n
76944w
79583
76944
7
7
7
700
763542w
76
76
7
7
7th
7th
763
7
7
7
7
7
7
7
7
7
7
74
710835w
710835
75th
7
720p
720p
7
71
71metres
7
72
72
7
7
7
7c
7km2
7
7
7
7
7
79th
7
7
784
7
706
764429w
76
74139w
76
74139
76
741260
78
7
7
7
7
728
7th
7
79
7inch
7
70
71
71
72
73
74
73
75
76
77
78
79
7
7
79
7
79
79
79
79
7nm
7
76mm
750
700
7
719
7
7
7km
7
7
7
782036w
78
78
76
7
7
7
7
7
7
7
7
733n
733
70
7
7
700
7
74753
7th
747
747
7
7
7
70s
72
74222n
74222
76
75
7
7km
7
75c
7
740
7
7
702
775444n
766639w
775444
766639
72
7
7
735420w
73
73
75
75
7
7
7
700
75
72
792
7
75
75
75
75
72ha
7
72
7
7
7
7
7
7
7
77278n
77278
700
767e
767
7
7
7
7
7th
7499
729
77194e
77194
727
737
75
7
7
7
7
70
7th
70
7
744551w
74
764119w
74
764119
77
77
77
7
77
77
7
706
7
7
70
7697n
7697
7083n
7083
7
7
700
73
7
7
7
7
7
7
745
757t
720
720
750shp
7
720ft
750820
7
73
74
75
76
70
71
72
77
78
79
701
702
703
704
705
706
707
708
709
710
711
712
713
714
715
716
717
718
719
720
721
722
731
732
733
734
735
736
737
738
739
740
741
742
743
744
745
746
747
748
749
750
751
752
753
754
755
756
757
758
759
760
761
762
763
764
765
766
767
768
771
772
773
774
775
776
777
778
779
754321w
75
722451w
75
722451
782253n
782253
78km2
7
7
7
75
7
7
75km
7
7
7
70
7
7
7
7
73111e
73111
7
7
7176
7
78
7
75
7
7
7
7
7
75
7th
71200w
7
7
772
77
7801e
78
78
74
72
76
7
78
77
7
7
78
76
7
7
7
7
7
7
7
7
70s
7
7
7th
7th
780
7
7
7
78
7
75
70
7
7
7
7
7
7
7
726725n
780125e
726725
780125
73
7th
73
72
73
753
75
7
72
75
7a
7
7
7
7
7
70
7
770
7
7
7
73m
7
7th
7th
7th
700
7
7
75
7
72
768
75
7
7
7
71680w
779088w
779088
758n
758
7
777
70
727
737
777s
727
737
7
71
777
777
7
7
777
777
777
777
777
747
7
787
787
70
777
70
747
747
777
772b
777s
777s
777
777
777s
777
777
7
7
71
780748e
72n
78
72
78
7
76
7
7
7th
70
76n
7
7
7
7
7
70
79
7
73
71
77
7
7
73
76
7
7
7
7th
70
7259w
72
72
7
7th
7th
7th
7
7th
7mi
70s
741035w
7857n
74
7857
74
75
72
7
7
7
7
7
7
7p
7
75
7
7
7
7
7
7
75
7
770
73
74
7
7
7
72
725
748
7
7
70000
7mi
7654
7
71
70s
7s
70s
7
700
724
799
7
7
700
7
70s
700
700
7
7
7
700km
7
7
77
7
7
7
79
700nmi
75
750km
737600
7
750
7
7
7450e
74
74
7
737
737
767
7
70
7
71536e
7
7
7
7
7169n
7169
71
7
7
7
7
7
7
7
7
70
75
70
7
70
7
75
77th
7million
7
70
71
72
73
74
78
75
76
77
78
70
79
74
75
7mi
70km
78
7
7
7
73km2
7
7
7
7
700
7
74361n
74361
700
75
7
7
737sqmi
75
737sqmi
7
7
7
70
76
7
7
7
79km
70
720513w
72
72
76mi
7
7
753339w
75
75
7
7
7
7
74
7th
771
771
7
7
7
7
7
7
7
7
7
7
7
71
7
76
70
70
70
74
700
7
735618w
73
73
7
7
757
7
7
70
74
7
72
72
72
7075km
71st
72
77
7
70
7
7
7
7
7
7
79th
7
781797
7
7
7
7
7th
7
78km2
753
772
7
7
7
750
70
75
7
7
7
7
721
7
7
7
7th
7
7
73
751236w
75
75
7
7
727701864624
7
7
7
7
7
7
72861e
72861
7
71
7
7
7
737n
7
7
7
74mi
7
750
7
70
7
78th
71
7
77
70
70
7
70
77
70
76
79
7
7570
7
7
7
7
7451e
7
7
70s
70s
70s
7
7
7
7
721911w
72
72
72
7
7
748
70
71
7
7
7
762113w
76
76
78
77722e
77722
71117116
7114
760ft
7
700
7
75
770124w
77
77
76
7
7
7
7
760
738
7
7
74
7782
784
72
7
7
7
7
700
700
750
7
74
7
7
71
7
78
7
7
7
7
7
76
72
72
7
7
7
70
735319w
73
73
7
732703w
73
73
7
7
7
7
7
7
78
72
7
7
7
7
7
7
7
7
7
7
70s
7
7
7
7s
7s
7s
7s
7
73
7
7
753ad
750
7
7
7
7
700
7
7
717e
717
7
7
75
7
7
7
7
7440th
7
72
7
75
7
745
7
700km
7
70
71
72
7
783s
783
783s
783
7
7
794547w
79
762974w
79
762974
7
7h
7s
73
72
70
72
73
7
7
7
712
7
7
7
700
700
701
7
7
755833w
75
75
75
7
769
784
7
78
750
7
7
7
7th
7th
7
7
7th
79
75
73
761s
76
76
761s
76
76
72
70
7
700
7
778
7th
70
7
74
7
7
7
7th
7
775b
775
775a
775b
7
7
7
7
7
7
7
7
7
7
7
7
7
7
7th
7th
7th
7
7
7
7
7
7
76
7
75
7
740727w
74
74
70
7
77
77
7
7
7
79th
733s
733
733s
733
74
74b
74b
77b
7
72167n
72167
700
7
7
7
7
7
7
785259w
78
78
700sqmi
713000w
71
71
74th
7
7
7
7
7
76
76
76
76
7
7
7
7
7
7
7
74000010
7
7
7
7
71st
70s
7
7
7th
7
7
7
7
75
7
7
7
701961n
701961
7
7
700
7
7
7
7
7
70mph
701w
701
75
7
7
7
7
7
7
7
7
70
7
7
7
7
70
7
78km2
70
7
7
7
7
7th
7th
7
7
70s
75
783e
783
72632n
72632
76
74
72
7
7
7
712
70th
7
7
70
7
7mi
7fm
7
76
7am
7
70
70
71
72
7
7
7
721591
74
74
7
7
7
7
7
70
7
7
7
775
71
70
79
7
7
7
7
7m
7m
7
7
793241w
79
79
79
7
7
7th
7
78003179
7
7th
7
7
7
7
793
754053w
75
75
7
78km
76
7
7
7
74hc75
7400
7mi
784w
784
70583w
70583
74
79
731
7
74
7
791
727
7
75mph
70s
70s
7
7
70
75km
73
7
7
7285km2
7
7
7
75
700
7
7881n
7736w
7881
7736
7100
75444e
75444
76
70
7
7
7
70
71
72
73
74
75
76
77
78
79
78
75
7th
700
76
7
7
75
78km
713
792
718
7125n
7125
748
7mi
7
7
7
7th
7th
7
7
7
7
78
7
7
7
75
7
7142
7
7
7
7
7
7
7
7670
713
7
740156w
76746n
74
76746
74
76746
74
700
70
71
72
73
7
74
71
75
79
7
749
71
7
7
7
719
7
70
78
7
7
78
7
7
7km
79
7d
7
749
700mm
7
7
7
782
7
73526
767
7
781947
78
78
76
71
7
7
7
7
7
7
75
784
7
7
7
7
76889n
76889
7
7
7
7
751e
7
7
7
70mm
7
7
7
7
7
7
7
7
7
76
75
7
7
7
7404e
74
74
71
76
750m
753
7
700
753
714ad
75
7
741301w
74
74
