8
84
84
84
84
8
87
8
8
8
8
8
8th
8th
81
83
84
8
8
8
8
8
8
8
831
8
8
8
8
82
8
857
857
864
8
85
86
8
88
8
8
800
898
8
863
893
8
8
8
8
87
8
8
8
8
8
8
8
830702n
830702
833e
833
8
8
8
8
8
8
8
813
861
8
8
8
8
82
8
8
80s
82
8
824222w
824222
8
83
80
8th
85
8
8
8
8ft
855
8mph
8
820meters
800yd
8
8
8cm
8kg
87
800m
870yd
8
8
84540e
8
8
8
8
80
8
8
80
8
82
8
8
895
8
8
852s
894e
852
894
8s
8m
8
80
80
8
8
820
884507w
88
88
810km2
8
87
89y
88y
87y
8
89y
88
80
8
81
8
8
8
80
8
8million
876
83
8
8
8
8
8
80
8
812
871134w
871134
812
8
8
8
8
84
82kw
89kw
8
8
80hp
8
8
8
80hp
8a
8b
8c
8g
8
833n
833
8317s
83
833e
83
833coordinates
8317s
83
833e
83
833
84th
8
89
85
849km
88km
86
8
8
800
8
8
81st
8
8
8
8
8
80s
8
82
88
83
83
8
8
827
815
86
88
8
8
87
8
89
8
84554e
8
8
8
8
8
8
8
8
8
84
80
81
82
8
83
84
85
86
87
88
8
8
86
8
8
8
8
8
87
8
85
8
8
80
800
889
83
8
84
8
836
8
8
85
812cm
8mi
86
8km
8
858
80s
82667e
82667
864
85
88
81
85
83
8
8
89
8
84
80
8
8
8
80m
81
82
8
8
8mhz
85
886
8627
86
87km2
85km2
8
83
84
8
87
832
8
862705w
86
86
8392n
8392
8
89444n
89444
8
8
83
8
89
8
8g
8
8
8
82km2
8
8
8
8
8
8
8
8
8
8
85
80
8
81
8
89
8
8
8
8
85
85
8
8
8
89
8
8
8
85
8
8
8
8
800
800s
800s
800s
800s
81
8
8
82
8
89221
80290
89
832440
82
82
8
8a
8
8
88
887
80
8
8
8
81
84
8
81
8
8
83g
8
80s
8
8
8
8
8th
8
85
8mi
86
87
82
8mi
8
8
8
812
89861n
89861
8
8700
8
867
800
82
882m
80th
8
8
8
83902w
83902
80s
8
8
8
8
8833n
8833
8
89
82
83
8
8
826
85
807
830
815
800
8
8
80
8596
8433e
8433
85m
8
8
8
850
8
85
8
8
8
87
87
8
8
8
8
8
8
8
87
8
8
8
8
8
8
8
8
8
8
80
832
87556n
87556
80s
8
8
8
8
8
8
8
8
8
850
8
8
8
88
88
8
8th
8
86
88
87
8
81
8
8
84
8
8
8
8
8
81
8
8
8
8
8km
8km
8
8th
8
800m
8
80
850
8
85th
808th
8
86
8
8
8
8
8
80
8
8
813317w
81
81
81
8
8
8
84
8
84
87e
888
886
815
81
87
8
8
8
8
80
8
8
8
8
87
81240w
8
8
8
8
8
884
80
8
8
8
85
80
8
807
8
89
8
8th
8th
8th
8th
8
8
8
8
8
8
85n
85
8
84
8
80
85
80
888
800
8
8
82
83
8km
8
8
8000
8
80306n
80306
812340w
81
81
81
85
86
8
8
8
8
81
805
8
87083n
87083
81
8
85
82
8
8
8
8
8
851640n
851640
862518w
86
86
86
8
88
8
88
8
80
8
8
89312w
89
89
89
8km2
8
88
8
8
8
8
8th
80
8
8
800
8
83
8
86
800
80
8
8th
8km
84
84
8th
84
8
8
8
88
8
8
8
884
89
81
86
87
89
8
85km
800
811256w
81
81
8
8
8
8
81
8
8
8th
886
81st
8
8th
88n
8924667n
8924667
800
8
8
8
8
8
8pm
8am
8
800
8
80000090
86
859ft
82
8
81
84
800ft
8km2
80
851
81
851
80
87
8016w
80
80
8
8
8
86
800
8
84
8
800
8
8th
8th
8
8
8
80
8
8
81
8
88
86
8097
8s
8
8
8
84176
84176
8
8
8
896
8
8
8
8
81
8
8
8
8
87806w
87806
878198
8
81
83
82nd
81
80
81
82
83
84
85
86
88
89
81st
8
8
8inch
8
85ft
8
832ft
89cumi
8
85
86
87
88
89
8
8
8
8
8
8
84
8
8
8
8
8
86
8150
806
8375w
8375
837587
877
8
8
86
8
860
8
8
858mw
8
862
8
858mw
8
8
8
8
8
85
8
833
8
8
8
85
8
8
800
8
897
86
8
842
8
8th
804
8
8
8
8
800m
80km
8
80
8billion
8
81mi
850
8
87
8
8
87001464
85
8000
8
8417w
8417
8thusaaf
8km
801st
8
8
8
8
83
8
8
8
8
8
80
84
8
8
8
80
87
8
8
8
8
895
80
80
8
8
8
8
833e
833
8
8
8
8000
8
8
8
8000
8
8
8
8
8
8
8
8
8
840635w
84
84
8
8
8
8
8
80
8
8af
8
8
8
84
80s
8
8th
8th
82nd
82nd
82nd
82nd
8
8
8
8
8
8
8
88s
88
89km
8
8
8
8
8
8
800
8
8
886
8
8
89ers
8cms
812cm
86
80
82
8
8
8
8
8
8million
800
8
8
8
8
8
80
81
82
83
84
84
85
86
87
88
89
81km2
89
8
8
8
8
8
8
875
8
8
86
86
86
86
86
86
86
86
86
8
86
82
8
8
8
888
888
8
8
81
8
82
82
883e
883
84
8km
899n
899
80
88028w
88028
880393
8
8
8
82
8
8
80
80
87
8
8
880
8
8
8
8
8041s
80
80
8
8
8
80
81
82
83
84
85
86
87
88
89
8551
85
861523
8
8
8
8
85
85
855141w
85
861523w
85
861523
812
8
8
8th
8
8
8
86mi
84
80
84
80
80ud
84
84
84
80
80ud
80
80s
84
84
84
80
84
84
84
8
80
81
82
83
84
85
86
87
88
89
85
8800
8
8
8
877
885938e
88
88
88
84
8
8h2
8
8h2
8
8
8
8
80
85
85
8
8
8
88
89
8
89861s
89861
80
8
80
8
8
87
8
87
8
8
89
8
889
872
8th
815
83
801
8
878
8
8
80
80
81
88
82
83
8
8978w
8978
8
8
8
8
8
8
872s
8
8
808
89cm
80
8t
8t
8in
823
813939w
84583n
81
84583
81
845942
81
8km
8square
823
81
80
8
8
8
828
8
850
854
8
800
875
8
8
8
88km
8
8
8
8
800km
8km
800km
87e
8km
827
8
8
8
80
8
8
803
880
8
800
8
8
81
8
832
80
86
8
8174e
8174
88
8
8
8
8
8
8
8
800
800
800
8253
8
8
815
816
800
8am
8
8
8
80
8
823million
840million
8
80
8
8
87th
8
8
8
8
800
8
80inches
82
8
881
834
841
821
845m
84003493
8
80
85n
85
89
8
866667e
866667
8
890
89
85
8
847e
8
8
8
8
89
8
85
84
8
8
8
8
8th
8
8
89833n
89833
8
82
8
85
8
87
8
8
8
80
8
800m
8
800
89
8
8
8
8
8
8th
8
8
80
81
8
85
8
8
8
85
87people
8inches
80cm
8
85f
8
8
8
85370
8
8
86km2
81
868
831
841
85
8
8
82
8
88
8
833
8th
8th
88
88
8
8
846
80
8
8
8
8
86
87
8
8
8
8
8
8
8
8
8
8
8
8
8
8
8
8
80
8
8
8
804
8
83
8
8th
88
8
8
8
8
8
8
89
89
8
8
89
80
8
8
8
848
84
8
8
82
80
8
8
8
8inch
8
81
82
82
83
84
88
89
8
861
8
84
894
8
870852w
87
87
8
8
8
83
8
8
8
855241
85
8782278w
85
8782278
8
8e
8
84002784
8
8
8
8
8
825
826
826
8
8
8
8
8
8
8
803
833
8kg
8
8
8
8th
8
80
8
83
83
8
800
8
8km
8
8
8
8
80
81
82
83
84
85
86
87
88
89
8
8
8
8
800
8mi
8439w
84
84
8439w
84
84
8
8717w
87
87
8
8
89
8
8th
8
80
81
8
82
80
81
8km
83
84
85
8
8
88
86
80
89
8
87
8
83m
830017w
83
83
8
8
82
86
8879e
8879
8th
80
81333n
81333
87
8
8
8c
8km
8
8
8
85
8
8
8
81
8
8
8
8
8
8910
8
8
891379
8
8
8
8
8
820
8
80s
861
88
821
8
8
874
86
80
803
80
8
8
8
8
8
86
81
85
8
8
8
8
8
8
8
8
8
89
889
8
8
80
8
8
80
893
88
8
8
8
8
84
8
8
8
8
8
8
8
8
85333e
8
8925e
8
8925
8
8
8
8237s
82
82
8237s
82
82
8
83194e
83194
8
8
8km
8
8
8
8
8
8
8
8
8
8
80s
8
8
8
8
8
8
8million
88km
8
8
8833n
8833
800
89th
8
80
818sqmi
8
89
8
85
8
899
862
8
8903775n
8903775
881
859
860
874
874
879
878
879
880
848
8
80
8
8
8
8
88
88
8
86
84
84
83
8
8
8
8
8
809
8
8
8
89722n
89722
897192
8
85
889
82
889
8
8
8
8
87
89
8n
801324
8w
80
80
80
8
8
8
8
8
800
82
89
8
800
800
800
8
8
80s
8
8
800
83
8
80s
8
89
8
8
8
8
8
8
8
80
8
8
8
8
8
8square
8km
8km
8
89
887
800
82722w
82722
800
8
848
8
8
8
8
8
8
8
820ft
81059e
8
8
8km
8
8
8th
8
8
8
80
800
8
8
8th
870
882e
882
8
80km
8
8483n
8483
836
8
862
8
89
8
862
8
89
8
8
8
82
8
8
8
8
8
8
8
8
899
8m
8
8m
8
81
8
8610
86
86
83km
8
8
83
8
8
8272
89
8
8
8083n
8083
8
8
800
8
86
8
800
8
80
8037e
80
80
84
891
8
8
85
8
8
80
8
800
80
8
8
8th
8th
800
8
8
84
8
8
8
8
8
82
8
8
867n
867
87
867569n
867569
864n
864
8
8
8
8
8
8240e
8240
800cc
800cc
800cc
800cc
800cc
800cc
800cc
800cc
8
800cc
81671n
81671
8
8th
8
8
8
890
87
840m
80s
8
8
8
8
8
8th
87
8
87
8
80
8
8
88
8
80th
8
841
842
843
8
89mm
8
8
88
8
800
88
88
80km
89
88
89
8
83000686
80
8
8
8
8
810
8
8
8
86
800
8
8
85th
85th
8
87
8
8
8
8th
8
895909w
89
89
8
8
81
8
8
8
88001457
8
8
8
80
81
82
83
84
85
86
87
88
89
89th
8
8
8l
80
83
800
8
8
82
86
86
8000
830
830
8
85583n
85583
83
8
8
80
8
8th
86ft
86n
8334
8
8
87833e
87833
8
8
8
8
84019w
8
8
8
8
8
80cm
80cm
8
8
8
8
80
86
86
88
8
88ps
8
8
8
8
886
8
8
8038
8
8n
8
89
89
8
8km
89km
87km
891
895
896
8
8
8l
8
86956w
86
86
86
8km2
8
8
8
8
8
8
8
810
81
8
8
87
8
8
861
856
8
8
80
82
8
84km
8
861
8
84
8
8000bce
85
8
8th
80th
81st
82nd
83rd
84th
85th
86th
87th
88th
89th
8vo
8
88
83
8
8
8
8
8
8
8
8
8
8
80
89
8
8
81
8
8
80167e
80167
8
8
81
80
8
8
8
8
8
8
820
80
85
80
85
8
8
8
883n
883
8
8
85
8478n
8003e
8478
8003
80
861
80
8
85
8
87
8
8
8
8
8
8
8
8
8
8
800
8
880
8
8
84
8
80cm
8
800
86
8
8
81
80
86
8
80
80
80w
80
80mph
839
8
8
8
84694n
84694
8
8
8
8
814
86km
8
8
8
8
8
8m
86
8
8
82
8
8
8
88
8
8
86
88
8
87
87
88c
8
8
8
8
85n
85
8
81
88
8
8
84
81
83
82
85
85
8
85
8
8
8
8
8
8
8
8
85n
85
8
84
8
80s
8
8
8
8387
800
871
8
8th
8
83
80
82
82
80
86
83
8
8
8
8
8
8
8
8
8
800were
8
84778e
84778
80
8
86
8
87
89th
8
800
8
889
89m2
8
8
8m
85
80
8
82
8
8
83
8
8
81st
81st
81st
81st
81st
81st
8908n
8908
8
8
8
8
8
8
8
805
80
8
88
86
8
835
817e
817
80
8
8
80
8
85
8
8
800kg
800people
8
800lbs
83
899
858w
858
8
8
8
8
8
8
8
8
8
80s
8
8
8
85
8
8
8
88
80
8
8
8
8
841
861
862
867
873
875
812
8
81333e
81333
8mairad
8
8
80
8
8
8
820km2
81
89
8
8
8
8
88
87
87
89444n
89444
8
8
8
81
8
8th
8
85
816
8oz
8
8087
8oz
8
8
842ft
89
80mg
82
8
8
800
8
8752n
8752
800613w
80
80
8
86291w
86
86
86
8km2
83
83
83
8
85
850
862901w
86
86
80
85
8
8kg
881446w
88
88
8
8
8
842
8
8th
8th
83rd
84th
86th
87th
88th
89th
80th
81st
82nd
8th
85th
8th
8th
82
8
85
8km
84472n
84472
82
8
80
86
87
85
84
8
8
8
81
8
841233w
84
84
84
8
8
81
855
817w
817
821
808
8
86
8
8
8
8
8
836
8
8
83
8
8n
8
8
8
88
865529w
86
86
861
80
8
8500
89
8
8
8
8
88mm
8
8
8
8
8
8833e
8833
8
8
8
8
8
8
8
8
8
8
8
8
8
8
860
8
8km
8
8
8
8
8
806
8
8
8
8
800
85083n
85083
8
833e
833
8
84
8
8
8
8
85
808
8
8
8
85
8
8
8
8th
8
8
8
8
85
85
8
8
800
80mph
80
8
8
8
817
8
8
8
8
8
80hp
8
8
80
867n
867
80
863
8
8645e
86
86
8km2
8
8
8
8
88
8
85
80
89
85
82
829
86
8
8
82
89
8th
86589n
86589
8
8
8
8
8
8
8
804
891
83rd
84
833124n
833124
86
82
83
84
85
86
87
89
83
8
86
8
8
83
8
81s
82nd
8
83
8
8
875
875
837
819
8
85
85
8
8
8
8
8989
891s
891
8569e
8569
8258s
82
82
8258s
82
82
80
8mi
81km
8961n
8961
85m
8
8
800km
830
8
8
881
8
8
8
8
8mm
89
8
8
8333333e
8333333
8
8th
86
8
81
87
82
8
87
88th
8
83ha
84mi
849
86
8
86
8
86a
89j
86l
8
80km2
8
8
8
8
8
8
816
8
8
85
8
8
8
8485
88
875
850
853
856
857
8
859
862
864
864
866
867
870
871
871
874
875
851
868
875
81
8
81
8
8
802124w
80
80
80
8km
899
8
8
8
8
88
83
875
8
8
8
8
8201s
8201
89
8822e
8822
85
8
8
8
8
864943e
86
8285561111e
86
8285561111
8
8
8
85
80mw
89
82
86333n
86333
8
807
80
807
8
8
8
8
82003030
8
8
8
87
8
87
8167n
8000e
8167
8000
824
825
826
8
87139n
87139
882610w
88
88
88
8
80
8
8
8
8
8
8
80
80
8th
8
8mm
8
8
8
8
81
80
8
8
80
81
82
83
84
85
86
88
8
8
8
800
8th
844438w
84
84
8
800
883s
883
883s
883
8
88th
88th
8
80
8
8th
8
8
833s
8e
833
8
8
8
8230
803
82sqmi
85miles
8
8
8
8
8
8
8
8
8
8
800
8a
8
8464n
8464
847m
8
8
8
8
8
8850
8850
8
8
801739w
801739
83
8
830km2
89
8
86
8
89
834
8
8
83e
83
8236
8
8
8
813120w
813120
813120
8
8
8
8
868
8
800
8th
8
8mw
8
8
8
8
89
800
800
850m
8
800
81000110
862857w
86
86
86
8
8km2
85
8
85
8
8
80km
80hp
8
8
80s
879
8
8
84
84
8
8
80
80
857n
857
8
8
8mi
8
8
8
8
81
84
8
8
8
8x125
890
82
84
86
88
89
80
81
82
83
84
85
86
87
88
89
8
800
85
8
88
8921n
8921
8
8
8
8
8
800
8
8
8
8
8
8
8
8
80746e
8
8
8
80826e
8
8
80
86
8
8
8
8th
8th
8th
87
88
87
8
8
8th
8
86
8
852n
852
82
81n
81
854940w
85
82778w
85
82778
85
85
8
85
89
8
83
83
89
80
83
89
80
8
85189w
85
85
85
82
86
833
8
851809w
85
85
81st
81st
81st
81st
81st
81st
8
85
8
8
86
89
8
8
8
81778e
81778
8
80
8mi
8
80
8
836
801
88km
8
883434w
88
88
882855w
835n
88
835
88
8
8
8
8
8
8
8
8
82200e
82
82
8
8
8cm
8
8
816
8
8
8
8
8
8
8
8
8
8
8
8
8
8
8
8
8
8
8
891s
891
8
8
8pm
8
8th
8th
8th
800
8
87
80s
8664n
8664
830
830
8875e
8875
8
8
8
8
8
8
885
8
843040w
84
84
84sqmi
8
8
893215w
89
89
8th
8
8
8
8
8
8th
8km
8
8
823
823
823
823
823
823
823
8
81
82
82
87
815538w
81
81
88
8
8
8
8
8th
8th
8
88
8
843
809
8732n
8732
8
8
8
8622e
86
86
8
80
80m
8
8
8square
8
8
89
8
800m2
8875n
8875
8
86
86
8
8
8
80s
80s
865808w
86
86
833
832
8
80
8
81mm
81mm
85
80000
80
8th
80
80
8
88
8km
850
8
8
800
832942n
832942
8
8
8
8
8
85
8
85
80
8
84
80180mm
8
848
88
8
88
84
8th
855208w
819n
85
869w
819
85
869
8
8
8a
8
8
82
8
8
8
849
8
8
8
83
8th
829
8
8
8
845
85
8
8
8
8
8
8
8
8
806
8
8
80
81
86
87
88
81276n
81276
800mm
8
800
8
8
8
8
898
820
8km
8
8
88
80
8
8
8
8
89
8
8
8
8
8
8
8
800
86
834th
834
834th
834th
834th
834th
834th
834th
834th
834th
834th
834th
800
81
8
87km
8
88528n
83389w
88528
83389
89861n
89861
8
8
8
8
8
8
80
8
89
82
8cm
8
8cm
82
8in
85125
812m
8
8
8mg
8
8m
8
8
8
8
8th
8
82
80
8
8
8713e
87
87
873881e
873881
8
8
88
89th
8
8
88
8
8
8knb
8
8
8
856
8
8th
801632w
80
80
857
8
8
8
8
8
8
824
8
8
802
8
841
8
80s
8
8
8
87
8
8
8
8
84
8
8
86
89
8
80
8
8
88
8
8833n
8833
8
8
87th
8
8mi
8th
8
883
8
8
8
8
8
8
811
8
83
86
817
85
841n
841
801804w
80
80
801804w
80
80
8
8
80
888mph
8
818mph
881mph
812mph
8
837
87194w
87194
871848
8
8
8
8
8
88
8
8
8
8
83000692
83
8
8
848
875
8
8
879
883w
883
86698n
86698
894
8
828
8
884
8
850
8
8
8
8
8
8cm
88
8
8
8
8
89
82
8
84
8
8
82
8
80
810
800
8000
830
8
8
89
831
8
8
8
8
8
80
85
80
81
82
83
84
85
86
8
8
8
8
8
89
89
89
80
8
8
8
8
870
8
85333n
85333
8
8
86
8
8
846
89
8percent
800
8km
8
8
853
890
8
8
82
875
87w
8278556n
8278556
80
853112w
86509n
85
86509
85
8
87km
8
8th
8
8
840
8
8
82
83
8
8
8
8
88th
85
8
8
8
8
8
8
80s
8
8
882345e
88
88
864
8
8
8
8469n
8469
800kw
8
80km
84
85
86
8
8
8
834
80cm
80cm
812
8
8
89sec
8
80
8
8
8
82694s
82694
8
8
850km
8
83444e
83444
800755w
80
80
80
85
875
8725n
85417e
8725
85417
8
86
8
8
858
8
86
8
8
8
8mi
8
8
8
8
8
8
8
8
8
835e
835
86n
8
81st
86th
87th
81st
82d
86th
8
8
8
829
85
8
8
8
8th
8
8ppm
8th
80s
8
85806e
85806
8p8c
83
8
8
8
8
870
8
800inhabitants
802
802
801
85
86
87
8
8th
80s
8
8033e
8033
80
8
8
8
80
8
8
850
8
8
8
80
80
835
8
8
8
8
8
8
890
8
8
8
8
8th
8
8
8
8
80km
80
800
8pm
8
8
82
8
8
8
8xx
811
899
800
888
877
866
830
81972w
81972
817n
817
873
8
873
8th
80556e
80556
86438n
86438
8
8
8
80
80
8
87
80km
8
8am
8am
818
8
8am
8
8
8am
8am
8
8
8th
8th
8
8
800
8
8km2
84
8
8
87
8
8
897
814
8inches
88cm
88cm
8
81612n
80330w
8
80
8
80
817w
817
8
85km
8km
85
8
8
8
8
811846w
81
81
8
8
840
840
8
8
8
831
864321
83km2
888
8th
8
86n
86
8
850
83
8983e
8983
8
8
8
8
82
8
8
82
8
8
8
8
8
84
850
8n
8
8
8
8
886444n
886444
808
8
8
8
895
8
891
8409694s
8409694
8m
800
8
8
8
8
8
8
8
8
82kg
8
8
8
8
8
8
8
8
8
8
8
8
8
8
8
8
8
8
8
8
8km
8
8
8
8
80
8
8
8
8
80km
8
8
8
8
8
8
8
8
8
8
8
85n
82
8
8
8
80
81
82
83
84
85
86
87
88
89
87
8000
85
85
80
85
80
8km
8
8
8
83n
8
8
8
801703e
80
80
8144w
8144
8
800
835229e
869n
83
8746e
869
83
8746
82
87
80
87
80
80
8
851
8
89947n
89947
8
8
8
87
83
80
80
8900w
89
89
80
81
86
8
8
8
8
80
8
8kg
8
87
8mb
8
8041
8
8
8
8
80
8
8
865
801
801
80
814
8th
8625s
86
86
8625s
86
86
8
8
8
88
8
8
80
8
87
849
8
8
8
888
8
8
81
8th
82nd
87
8
8pm
8
8
8
8
8
81
8
8
85
89356w
89356
8
800xl
822
8
8
8
8
80
8
8
8th
8
8
81014
8
8
880
86
808
8
8
80
8117e
8117
875
80m
89
8
8
8
8
80
86
8metre
80
81
86
8
8
8
8
8
8
8
845
845
82
8
8
8
8
8
8
88
80
866
8
835355w
83
89861w
83
89861
8km
8percent
800
8
8
8
8
80
8
8
88
855
8
8
8
8
8
8
8
8300
80
80
89
86
833w
833
830
80
830
80
8
8032e
80
80
8
8
8
8
861
8
8
85ft
8
80
8
8
8
8
841159w
84
84
89111n
89111
856e
8
8
856e
8
8
8836w
8836
8
800cfa
8
8
800
800
800cc
800cc
800
800
800
800
8
8
83
89
82
82
8
820
87250w
87
87
8km
8
8
8
83
82
824
8756n
8756
8
8
8
8
8
8
83
8
800
800
800
800
840
800
8
8
8
861
813
80
8
84722n
84722
8th
85
8
85
8
85
8
8
80
8
8
8
87mph
85mph
88mph
8
8mph
80
810mi
80
80km
81mph
81mph
81mph
8
80km
81mph
85th
85
8
85th
81mph
8
8122
81
81
8s
8
8
874
804
874
8
8
84
8
8
8
8
880
8
8394n
8394
8
81
8
8
8
8
8
85
8
8
8
89
8
824
8
8
8
8
8
8
8
8
8
8881n
8881
8
80
8
8pm
800
8th
8
8
8
8
8
8
8
86
8
81st
86th
8
8
8th
8
8
80
837km
85
86
865
817
8
802
82
89
8
8
86
854
8
842
850
8m
800
860958w
86
86
80s
800
8x8
8x8
8x8
8
8
8
800acres
830
880850e
88
88
80
8
8
8
8
842feet
83
8
8
8
8
8
8
8
873116w
87
87
836
85
8
8
8
810
810
810
810
8
8
8
8
8
8
8th
84306n
84306
85km
80
8015
8
89972w
89972
8
8
8
8
8
89
8
80
85kg
85kg
8
825n
825
89
842
842
8
8
8
8
800
8
8
8
8
83
8
8
8
820
8753n
8753
800
8
8
8
8
8
88
8
8
8
88111n
88694w
88111
88694
881062
886919
8
8
8
8
81
85
8
89km
886
8mm
82ft
8
8
89
86
8th
8
8th
8
81
8
8
8
84th
821
8th
85
8percent
800
8
8
8
8
890
8
8w
8
8w
8
8
88km
8
8km2
8
8
8
8
8
8
8
8
8
8th
8
8
8
8
8
8
8
84
89
8e
8
8
8
8
8
8
8
8
8
8
80
81
82
81
83
84
85
86
83
87
88
86
88
800
861
842
800
878
8
8
871
85
87
83
8
8
8021
8
8
87
8
8
8
8
8
8
8
8
8
81
84
8
8
8
8th
8th
8
8
8
8
8
8
8
8
8
8
80
82
800
830
830
8
8
8
8011e
80
80
8
8
8
8
8
800
800
86
8
8
8
8
88
8
8890w
8890
8
882
882
813
8
81
8
8
87
8
8
8
8
80
80
80
81
82
83
84
8
85
86
87
88
89
80
800
85
85
89
889
803
8
8
86
86
8
891
8
80s
80s
8
867w
867
8
8
8
8
8
8
85
883744w
88
88
88
8
8
8
84
8
87
8
800
89
8
84
8
8
800bp
8
8250
8408
8022
8r
8
8
8
8
8th
8th
8
8
8
83000823
81km2
802
8
85
8
8
83rd
82
82
84
85
8
8km
84th
8
8
8
8
85
8
8
8
82
8
883s
883
8
83
8
8e
8
8
8ha
80
8
8
8
814
8
8
8
8
8
8932w
8932
8
89sqmi
8
80
8
8
8
8
8
8
8
88mm
8
83
84
85
86
87
80
81
82
88
89
821
822
825
826
827
828
8
83
83
8
80
8
8
80
886
8
89n
89
8
8
8
80778n
80778
8161
8
8
8th
8
80
85
8
81
82mi
8
8
85
80
82
841n
8
8
8
89
80
84
80
88
896
897th
8
8inches
80
8
8
8m
826n
8
8
8
8
82nd
8
8
8
8
8
8
8
8
8
84
8km
8
8
8
80
8
85
80
8
8
8
8
85
8
8
80km
86m
80km
86
8
826
80
8
8
810709n
810709
8
800
800
80
800s
800s
800s
800s
800s
8f
800s
800s
800
800
800f
8
8
800f
8
8bn
8
800
800
800
83
800s
800
8km
8
8m
8
8
8
83
8
87sqmi
8
8
8
8
8
8
8
80
89
8
8
8
8
8
8
82
8
8
8
87
8
83
8
8
883n
883
876
800ft
8km
80s
843
8
8
8
8p
8
8
89334n
89334
8
820
821
8300w
83
83
8
88
83
87km2
84km2
8sqmi
8
832
8
8
8
832
8
8
8
84
8
817
8
81mi
83
8
8
8
88
8
8l
8
80
843
870
882
8
80
8
829
88
817n
817
8
8
8
85th
8
8
80
84
800nmi
800
8
810nmi
850
800
81
8
8
8
8
8
833e
833
8
8
8
8
8
8
8
83
89
8
8
8067n
8067
8
8
8
8
8
8
83
80
80
8
8
8
800
86
8
86
8
88th
8
88
8
8yd
80
80
80
81
82
83
84
85
86
823212e
82
82
84639e
84639
8th
8
8
8
8
8
892447w
89
89
8km
8
8
8km
82km
8
8
806
806
833
8
844
8
8
8
8
8
8
8
8
8
81
8
8
8
80
8
8
89
82
87
82
86
87
80
8
8
87
8
8
8154w
8154
80
85
867e
867
800
899
83
87
800m2
80
8
88
8
80833n
80833
83
800km
8th
80
8
8
89
875
888
840w
8
8
8
8871
8
86
8
8
850934
8
86
8
8
8
8
89581
872
8
89581
872
8
84389w
84389
84
8
80
8
8
891954w
89
89
89
8
84
8
8
8
8
8
8
83000713
8
8
8
820
8th
8
8
8
8
8
8
8
84
8
84
8
8
8
80
8039e
80
80
8
8
8mi
894139w
89
89
8
89
8
8
8
8
8
8
8
8
81
8
8878
8
8
8
82
84
8
8
8
82
8
8
8
8
8
800
8
8
870
8
8
85
8
8
86
89
86
8
8
8
89
8
8mabovesea
8
8
867
840
8
8
890833n
890833
86
8
843
8
81
80
89
8
872229w
87
87
8
81n
8
8
88th
8
8
8
8
8
8
80n
8
8
8
8
80
800
842
851
8
81
800
8
800
8
836
8
836
88
8
8
8
8
86
85944n
88861w
85944
88861
85
865439w
89956n
86
89956
86
83046n
8
8
8
865231w
86
87528w
86
87528
86
875139
8
8
8
865231w
86
875139w
86
875139
8
8
8
8
83
84
85
8s
8797
80
8
8
8
8
8
8
8
800
8
8x50mmr
8
8x50mmr
833n
833
8
8
81e
8688
85
86
86
88
8
8
8
8
8
8
8
8757952n
8757952
86
8
8
8
8
800
8
8
84km2
805951w
80
80
84m2
8
81
8
8h
84
8oz
8
8
8
884
8
8
8
80
85
8
80
8
80
82
8
8
8
8
8
89
8
8
8
8
8
8
8
8
8
8lbs
881030e
88
88
8
8
8
80
83326e
8
8
8
8th
8
8
8
86
82
8th
8
8
8th
8
80
8
8
8
8
8
8
8
8
8
8
8
88
8
8
8
8
800
8
8
8
8
8
85
8
833
8833333n
88306w
8833333
88306
80km
85
8
80
80
80
8
8
8
80
8
85417n
85417
8
8
8
800
80km
8th
8
8
8
81222n
81222
8
8
8pm
83
8
80
80
8
80
8
840
8
8
8
8
8
8
850lb
8
8
8
8
8
81
86
8286n
8286
8
8
8
800s
8
801
8
8
87km2
86km2
81
8
8
8
8th
8
833e
833
8
8th
86km
80th
8
87068w
87068
8th
8
8
8
8
8
8
8
8
8
888
8
80
800
8
8
80
8
8
8
8
8
8
8
833e
833
8
8
8
8
8
8
8
8
85m
85m
85ft
8
8
8km2
8
8
84
8
8
88
81
854
8
8
8
8
8
8
8
8
83e
80
890800e
89
89
8736e
8736
874n
874
85
812330w
81
81
81
8
8
8
89
8
8
851
8
8
8
8
80
8
81139e
81139
813
849
80
80
8
88
8
8
8
8km2
86
8
800
84516e
8
8
81
8
80
81
82
83
84
85
84
8
8
8
8
8
8
8
8
85
809
82861e
82861
8
8
82
800
80
8
8
8
893841w
89
89
8
88
8
8
8
80
8
81
82
83
84
814
810
819
84
814
8
8
88
8
8
85
81
82
8
86
82
84
87
82
87
88
89
84
82
87
8
8
8
8
80s
8
8
80
80
80
827454w
827454
8
8
8f
8f
815
8
8
8
8
8
8
8
8
8
8
86
8
8
8
8
85
8
8
849
8
80
849
8
81
815
800
83
8
8
86ghz
8
8
8
8
8
8
85e
85
8
8
8million
8th
83w
86
88
83
842
8
833n
833
8e
8
8
8
8
8
851
8th
