5
525km
53
5
5
50mhz
5
562
5th
5th
5
5th
5km
500
579km
500
590
5
5
51
5sqmi
5acres
5
5
5
5
51
5
54
57
56
5
5
54
56
5
536
5mi
5
5
51
5
534
5
57
554
5
54
5
596
56
5cm
5
5
5
57m
5
5
5
5
50
5431n
54
517n
517w
54
517
517
5
5
53
5th
52
59
5
5
50
500
500
557
5
5
5
5
50
5
5
5
50
5
5
5
5
50
51
52
52
53
50
50
5
5
50
50
50
50
54
55
56
57
58
59
59
59
59
50km
5
5921
5
5
5
54
50
5
5
51120n
51
51
5
5
5
55
5
5
5
5725n
5725
5
5
5
5
5
5
5
50
51
52
53
54
55
56
57
58
59
5
5
5
5
5
52km2
58
5
5
5
522343n
52
52
5th
50
5
500
500
5
5
5th
5th
5
5km
5
5
510
5
5
5
5
5
5
5
5
5
5
5
5m
500
5
5
530
54
5m
500kw
5
5kilowatts
5
5
5degrees
529lb
5
5cm
5
5cm
5cm
5
5
5cm
5
590mps
500m
5
5
5kg
59km
500m
550yb
5
50mm
5
5
5
5
5
5
500t
550short
500628n
50
50
5
5
5
5
5
5
5
5
507
5
52939s
5
5423e
5
5423
50
5
53
5
5
504742n
50
50
5
5live
50
51
52
53
54
55
56
57
58
59
50
500
500
5
512819n
51
558w
51
558
5
50ha
5
510859n
51
51
5
54f
5
53
54
5
56
5
5
5
5
5
5
5
5
5
5
5
5
526n
526
5
5
5
5
58
51
50
50
50
50
5
5
5
50
5
5
5
5
5
5
5
5
5
5
5
5ft
512408n
51
57156w
51
57156
5
5
5
5
5
5
5
5
5
5
5km2
5
5
51
519
5
5
5
5
5
5
5
5
5
520456n
52
52
5
5
54th
50m
5in
5
5in
5
5
588
50
500
55
5
5
5050n
50
50
500
50
5545e
55
55
5
5
533n
533
549km
52
549
54
5285
54
545
549
56
5
5
5
50
5
5foot
5
5217
5th
5
5
5
5
5
5
50
50
5
58139w
58139
581405
50
5
55
50
500
538
5
5
500
5
5
5
52
57
5
5
5
5
50
56
58
59
500
5
5
5
5
50
51
52
52
53
54
55
56
57
59
50
5
5
56
5
52nd
52nd
52nd
51839
571
507
511
517
50
5
5
50
51
52
53
54
55
5
5
58
5
5
5
5
5
5
5th
5km2
53
5635
500
5
5
5
5
56
59
50
500
5
50
5
5
5212n
52
5e
52
5
54
540
5mi
528
5
5
5
510502n
51
51
5th
501
544323n
54
54
53137n
53
53
522813n
52
51152e
52
51152
599
5
56
5
5
563
500
56m
5
5
5
5
546
5
5ft11in
53
50
51st
5
5
5
5
5km
5km
50
5
5
50
50
50
5
5mhz
5
525
500khz
5
562
53
5
5
5
51
5th
5325e
5325
5
5
5120n
51
51
5101
56
5
5
5
544448n
54
54
5
50
5
5
5
5
5
5
53
53
5acres
5acres
5
5
5
50
5
5
59
5
54
56
59
5
5
5
5
54
52
5
5
5
50
5
5th
525500n
52
52
5
55
5
53
54km
5
5833333e
5833333
5
5
5
50
5
5
5th
5
567
521605n
52
52
5
5
5
5
5
5
512
511
53
5
5
5
5
500
5
58e
5887278w
5887278
500
5
5
5
5
5
5
575
5
575
575
575
575
5
575
575
575
575
575
5000
56
5
500
5
5
5
5
50
5
5
5
5june
5
5
5
5
5
5
5
5
57
5
5
5
50
5
5
50
50
5
563
53
5
5
5
534
5
505355n
50
56889e
50
56889
5
56
53av
5
550f
500
5187
5187
5868n
5868
524m
5
52
520
5
500
5
5
5
5
5
500
52
500
5
500
5
5
505812n
50
50
5miles
5
5
5
5
5
50500e
5
5
5
5
5
5
5
5264e
5264
569
5
5
5f
50
5
5894e
5894
5
515
5
5
5
5
5
5
5
5
5
5
5
5
55m
5minutes
5minutes
5minutes
530505n
53
53
5
5
5054n
50
50
5
5
5
5
50
50
50
5
51
50
5
5km
5
5167n
5167
56
5
54th
5
5
5
5
520443n
52
52
5
5
5
5
50km
5
5
50
50
5
50
553
548
572
5cm
5
5
5
52
5
5
5
572
500
57
5
5
58m
552
555710
55
55
5
5
5mand
55
5m
5075
5
500
5
5
55
55
5
5
5km
5th
5km
5
5
5
5
5
50th
5
5
5
50
5
5
550
54
5
50
51
52
53
54
55
56
57
58
59
5
5
5
5
5
50
5
575
5
5
5
563
5
563
5
500
500
500sqft
593
5
55503
58e
5
5
521
5
52
5
5
5
5
50th
5
5
5
50
5
5
5
50
51
52
53
54
55
56
57
58
59
5
5
5
5
5784
5
522w
5
5
522w
5
5
5
5
5
5
5
5
59
59
59
59
59
51
51
5
5
5
5
5
5
5
5
5644e
5644
5065
5
5
5
5
5
5
5
5928n
59
59
58544
50
5
526
5
5
500630n
50
50
5
5312n
5312
5
5km
5
5
5
57km
55472w
55472
554833
51
53
5
5
5
536
519
5
5km
5
500
51st
5
5
500
56
5
50
5
5
515
5
5
5
5
5
5
50
5
5
500
52
51253e
5
5
5
5
5
5
57
5
5
5
5
5
5
59kg
56
5
56
5
57
55
5
5
55
56
5
5
5
5
542
542
542
542
542
542
5
5
556
5
5
5
5
50
5
5
57
5sqmi
51
5
5
5
5
500
5
5
500
51
5
50
5
5
5
5
5
5
5
5
50
52
59
5
5
5
550
511400n
51
51
500
5
5th
50th
50s
5
52
5
52
57th
57th
57th
566
500
58
50th
500
53
56
5
563
52
500
5
5
55389w
55389
5km
535215n
53
53
5
5
5
531447n
53
53
5
5
512941n
51
51
5800ug
5
54417w
54417
5
563
521624n
52
52
50
5
57
5
5
585
5
5
5
5
5
5
52
5
505106n
50
533769e
50
533769
539
58
5
5
583
5
5
5
55
5
53
583
504
50
52
5
57
5
51
5
501
5th
55pm
5mi
576
5
54
53
5317n
559e
53
5
53
5
5
508
5
5
5
5
500
5
5
500
5m
5miles
574112n
57
57
5
5
50
54
5
5th
56
5th
5
5
5th
5
50
50
5
50
50
57
5
583412w
54972s
58
57w
54972
58
57
57
52
53
50
5
500
5
5
5th
5
5
51291
51
51
5
5
500
5
5
5th
5th
500
505702w
505702
51
5
5
5
5
526
5
502000n
573154w
50
57
53167w
50
57
53167
514357n
51
5337e
51
5337
5
5m
5
5m
5
502800n
50
5500e
50
5500
5
55
50
50
51
52
53
54
55
56
57
58
59
501
547
531n
53
53
5
5
55
5
50
50
5
5
510432n
51
51
5
5
519
5
500800
5
5
5
5
5
5
5
500
55
500
5
50
500
50
5
5
56m
5
550sqft
500m2
5
55
5
52
53
515541n
51
51
5
5
5
50
50
50
52
5
5
5
5
5mi
5
500
5
5
5
5
5
5
53
552
53
54
55
598
5
533w
533
5
5
5
5
5
5
5
56222e
56222
5
5
5
5th
5
5742e
5742
58
5
5
5
5
500
50
5
58
58
595
57
54
5
5334n
53
567n
53
567
5
5
5
526
52
58
50
5
51
52
54
55
56
59
52286n
52
52
5
5
5
54
5
5000
54
5
5
52
5
50
51
53
52
5
5
5657
50
5
5
5
500
500
5
50
5
5
5
5
5
5
5
5
5
54
53
5
5
5
55
5
5
57
5
50
5
5
5
5
5
5
57064
590
590
55
5
50
52
5
5
5
5
5
5th
5
54
5
58
5
5
5
5
5
5
58
5
5
5
5
5
5
5
588
5
590
5
5
50
50
50
5
5511n
55
55
584
5
5
5
5th
5th
5
5
50
5
5
5
5
500
50km
5
5
50
500
5
50
50million
5
5
51
50
51
52
52
53
54
55
56
57
58
59
5
5
50
599
5
500
5
5
5
5
51
5
50
58
5
55
504307n
50
50
50
56th
520400n
52
52
5th
55th
56th
507th
58
5
5
5
58
50
586
5
5
50
59
59
57
586
5
584
505
53
5
5
585
56
570
5
5
59
500
5
51
51
59
59
5
50
5
5
5
59
5
5
50
54km
524337n
52
52
5
50
51
52
53
54
55
57
58
5
5th
564
5
5km
5
5
5
5
5
5
5
5
5
5007n
50
50
5
5
50
5001
5011
5
57th
5
5
5
5
5
5
5
5
5
5597n
5597
5
5
51560n
51
51
533e
533coordinates
533e
533
5
5
514110
51
51
5
5b
5c
5725cm
500
500
5
5
5
5
5
55
5
55
5331
51st
50th
50th
51st
50th
50
506th
50th
50th
5
5
5316n
53
53
5
5848e
5848
5
5km
525
5
5
5
5
5
5
550802n
55
55
500
5
500
5
5
5
5
50
57
5
58
5
5
500
5
50
5
5
518
5
5
5
5
5
5
5
5th
57
5
50
50
5
5
5ft8in
501c
5
5inches
5c
5mm
5c
524
516
550
5
5
51
5
5
5
5
5
5
5
5
5
5
5
50
50
51
52
53
54
54
55
56
57
58
59
50
53
50
500
5km
5
5
597
55
5
5
505
55963
5
58
59
5
5
5
5
5
5
5
5
5
56
5
57th
5
524n
52
55e
52
55
5
5
5
5
5
5
500
500
51
57
59
5
524746n
52
52
5mi
515356n
51
51
5
5142n
51
583e
51
583
54
5
55
51
50
57
5
500
5725188w
5725188
5
500
583n
583
5th
5
58
5
50
5
50
5
5
5
53
50
59
5
500
5
50
51
52
53
54
55
56
57
58
59
500
501
502
503
504
505
506
507
508
509
510
511
512
513
514
515
516
517
518
519
520
521
522
523
524
525
526
527
528
529
530
531
532
533
534
535
536
537
538
539
540
541
542
543
544
545
546
547
548
549
550
551
552
553
554
555
556
557
558
559
560
561
562
563
564
565
566
55
555
5
565
52
565
500
5
560
5
5
5
5
50km
523800n
52
52
56944n
56944
5
5
5
50
5
5
5
5
5
521200n
52
52
55
5
50
51
52
53
54
55
56
57
58
59
5th
54
59
5
5000
5th
5
5
5
5
5
5
532
5
5
5
5903n
59
59
574140n
57
57
5
5
5
5
5
53n
59w
5
52
52nd
53rd
54th
55th
56th
57th
58th
59th
5
5
576th
58
5
5
5
5
57
5
5
5
53
5th
5th
5th
5
5
50
5
500
50
5
5
5
50
5
5
50
5
500
500
50
500
5296
58
5
5
533512n
53
586700n
53
586700
510
54139s
54139
5125n
51
55w
51
55
525
5
5
53
500
5
5
5
5
5e
5
53
5million
5th
5
500
575
5
5
50
5th
5th
5th
5th
52
597
50
51
52
53
54
55
556
56
57
50
58
585
59
5
57
5million
575
501
56
5
501
5
53
53957e
5
5
5
5
5
5
5
5
5
55cm
5
500a
50khz
50feet
50
5
5
55
5
56
5
503
550
503
5
50
50
5
5
50
5
511814n
51
51
5km
50s
5
5
5
5
5
50
514
507
584
50
50
500
53
5
5
500
500
500
500
5
5
5
5
5
5
51mi
540
540
540
5
538
536
553
551
551
551
551
551
57th
50
51india
5
5
5
5
5
58km
500
5
5
5
5km
50
51
52
53
54
55
56
57
58
59
543951n
54
54
51
51
5
5
54
5
57th
5
5
5
58
50
5
500
5
55
56
544
5
5th
5
5m
535616n
53
50643w
53
50643
5
5
539
55
57
501613n
50
50
5
599889149
53
560058w
56
56
50
5
5
5
5th
52
53
5
54
55
56
543million
57
58
59
54
54
5
5million
5
59th
50
51
5
5
52
53
54
55
56
57
58
59
50
5
5
54
5
57
50
5
55
55
551b
5
5
500
55
5
5
50
5
5
5
52
55
553853n
55
55
5009n
50
50
5
591
5
5
5
5432n
54
533n
54
533
5
5
5
51
5
5
5067n
5067
5
59
575
557
5
5
5
5
5
5
533e
533
5
5
5
58
533w
533coordinates
533w
533
5
5
59
53
59
5
55
5
5th
5
5
5
5
5
5
5
5
50
5
5
5
50
51
52
53
54
57
55
56
57
58
59
59
52
51
500
5
500
57
5
5
500
500
50mm
5inches
5
523119n
52
521835n
52
521835
5
5
5
5
55km
5
52
521
5
513130n
51
525n
51
525
50k
50k
5
5th
5
5km
51
53
58
58
50
5
55
54
50
5
5th
5
5
5
5
5857115
58
5
52
5
5
500
5
5
50kw
5ft
5
5
5
5
5
5
5
5
5
596
5
53
51
5
5th
5
5
5
54
50
50
50
5
5
5
5
5
5
50
52
58639n
58639
5
5
50
5
5
500
5
50th
50
59
52
5
5
5
5mi
5
500m2
5
5
51
500
5
5
5
50
51
5
5
500
540
50
52m
5
5
5
5
5
55
5
587
50
587
5
5
5
5
5
5
5
5
5
5
5
5
5
5
5
5
5
5
5
567e
567coordinates
567e
567
5
5
5
5
5
56
57
500
5
5
5
500
5
52
5
502
500
5
5
5
57
5
5212n
52
52
5
5
5
50
500
525
571
5
52
575
5
55
51
51
5x114ap
500
57
5
562
593
593
500
550
5
50
5
5
5
500
5
5bn
5
534017n
53
53
5
5
500
500
5
5th
500
5
5
5
50
5
5
5
5
5
5
57
5
50
52
59
5
57
500
5
532108n
53
53
5
5
50
547
5mph
51
5
5
5r
5
5
5
5
52
57
58
53
59
5
54
55
50
56
51
56h
5
5
50
50
5
50
500
5million
50
5
50
51
52
53
54th
54
55
56
50
57
58
59
50
50
50
50
5
5
5
5
5
5
560
524n
52
52
50
520338n
52
52
5
59
5
5
5
50
59th
50
51
52
53
54
53
55
56
57
58
5
5
59th
5
500m
59th
5
5
50
59th
5
59th
59th
59th
5
538
5
5
5
52m
5
5
500w
500
5
5
5
513001n
51
50041n
51
50041
5
500
552414e
55
55
501
5
535
58
59ft
5
5th
5
5
54km
500km
5
53
5
568w
568
5
57
5
5
5
5
50
5
57kg
50cm
545
5983e
5983
57th
5
5
50
5
5
5
554
53778n
53778
50
5
5
599
5
5
500
5
51
5
50
54
55
5
5
5
55th
567
567in
567
567
567
567d3a
500
500
500
500
5
50
5
500
50
50
500
50
5
596
547km
55
52
500
50
5
5
50
51
5
5
50th
5
50
5
58
5
5
5
5
5
5
5
5
5
5
5
5
58
5
5
58
5
5inches
5
5
5
5
5
5
5
5
5
5
5
5
50
5d
5
5
5
5d
5d
5d
5d
5d
5
5
5
5
5
5857
5778
50
5845n
58
58
5
5
500
594730w
59
59
5
5
536
5
5
5
510438n
51
51
5
5
5
5
500
503
580
5
500
5
5
51
58th
5
5
50
51
50
52
53
54
55
56
57
58
5
55mi
515300n
51
51
500925n
50
50
50
5
5
50
5
5
5
5
5
529
52
5
51
54
53
54
54th
590
5
51
5
50
5
5
52nd
5
5
5
5
5
5
58
560
55
5
5
5
5
5
5
5
5
5
5
5
5
5
5
5
5
5
5
5
5
5
5
5
5
5
5
5
5
5001n
50
50
5
5
5
5
5
5mi
57mi
520n
52n
52
5
56km
5
5
56
5000
5
516
516
57
5
50
5
5
590
5
53
53
51
5
5
512802n
51
51
58556w
58556
585444
53km
5
5
54
5
5
58
50c
50
5
5
57
58
5
5
5
5
5
5
5
5
533278n
533278
5
500
5
500
500
50
520
50
50
5
50
5
5
5
5
5
5
5
5
5
5
5
500
54
500
5
5
5
5
5
5000
5
5
5
54472n
54472
50
50
50
51
5
5th
5
5
5
5
5
5
5
500
5
5
51
5
5mph
50
5
5
5
5
5
51395
5
5
500
5
5504
5
5
5
57km2
59
57
50
5
5
53
5
500
58
58
5
5228n
52
52
5060
5
50
5
599
5
5
58
524216n
52
52
55
57
50
5th
5
5acres
514040n
51
51
5678e
5678
5
55
5mm
52
5
5
5
5
5
5
5
5
55th
5
5
5
5
568s
568
5
50
50
50
50
50mi
513000n
51
5000n
51
5000
5
5cm
53
5
5
523206n
52
535n
52
535
5200
5
5
5
5
5334
5
5
5
544
5
570
5
5
5
5
5
5
5
5
5
577ft
577ft
586
530ft
500
5feet
5
52mi
5
59
51
51
50
55
57
5
5th
5
5
5348
5n
53
533w
53
533
5
5
505
5
55
50
5
50
500
5
5772
5
5
55
5
5137n
51
51
533900n
53
53
591
554
50
5
5
5
5
55
5
56cm
5
5
5
5
5km
5
5
5
5
53
53
5
57
5
58
500
5
5th
5th
5
500
5
50
5
5
5045n
50
50
560
5
575
5
522cm
5
51
5
5
5
50
5
5
5
5
5
5
50
50
50km3
50
5
50
5152n
51
51
533421n
53
5725n
53
5725
5183e
5183
535150n
53
53
5
55
54kg
5
5
5
5
50
50
515
500
500
5
5
517e
517
5
5
5
500
59
5
51
5
559
50
5
5
5
5
500m
56129
56
56
5
5
51
5
51
5
50
5
5
5067n
5067
5
5075w
5075
50
5
5
5
5
5
5
5
53
5
5
521
51
52
52
509th
52
5
5
5
5
55
5
5
53
589
57
500
5
57th
5
5
56
5
5
5
52
52
50
503040n
50
51111n
50
51111
58th
5
5
57
5
53
5
5
5
5
5
5
57
5
5
57
59th
58th
5
5th
5
521
552
55
5
5
5
5
5
5
51
55s
55
55s
55
513
5
5
5
5
5
5
5
5
5
5
5
50
51
52
509
500
5
5
500
5
5mi
5
50
51
52
50
53
5
54
55
50
56
57
58
59
52
5
5
500
5
5
583n
583
587ft
5246
50
500
52
5
5
59mi
5
500
500
57
5
5
5
5
5
5
540
51533n
51
51
5
5
525121n
52
52
5
5
50
5
5
5
5
520309n
52
52
500
515m
5
513103n
51
5175n
51
5175
5
50528
50
50
5
512912n
51
51
5511194e
5511194
543828n
54
54
5
5
5
5
523141n
52
52806n
52
52806
528n
528
5
5m
58
5
5
5
5
5
56
5
58
5781039972w
5781039972
5in
5
5
5
5
5000
55ps
53kw
513
500
5j
500
500
5mph
5mph
5mph
5
50
5
50
5
58in
500mm
52km
500mm
500
500
500
500
500
500
500mm
500mm
52km
58in
58in
58in
500mm
58in
560km
58in
58in
581
5001
5012
5
5
5
5
53
5
5
52n
52
519928
588
5
5
50
5
5
5
5126e
5126
5
513400n
51
5667n
51
5667
5
5
5
5
567s
567
5
5
592
5
5
5
5
52mi
523100n
52
5167n
52
5167
50
5
50
5
5
50
51
52
50
53
54
55
56
57
5
5
5
556
5
5
5
5th
50th
51st
52nd
53rd
54th
55th
56th
57th
58th
59th
50
5
533n
533
51
51
536
5
5467e
5467
5
513354n
51
5651n
51
5651
50
50370n
50
52583e
50
52583
50
5
5
5
5
55
54
5
5
5
50
59
5
5
5
59
52
57
58
58
5
5
5
5
5
5
5
5
5
5
500
500
5
500
5
5
5
5
5
538825n
538825
5
501
500
55
5
56
5
5
5mi
535421n
53
53
5mi
5053n
50
517e
50
517
5
5
5
55
514129
51
51
5
5
5
5
50
51
52
53
55
56
57
58
59
54
55
5
5
500
5
500
5
54
5
5
5
5
5
5
522548n
52
52
532118n
53
53
56
500
5
5402n
54
54
5
5
5
5
5
50s
5
5cm
5
5
50
5
500
5th
5
5
533s
533
5
5
5
569
5
51
55
54
57
50
50
543
50
54
50
50
5
5in
5in
5in
5
52
5
5
5
52
535049n
53
53
5mgb
50
50
5
5
50
5
5
54th
524
524
524
524
5
5
5
5
570
571
5
558
53
59
500
578
578y
5000
5
543
5
5
5
5
5
5
5
5
57
53lb
565978e
565978
5
58
57
50
50
5
5b
5
50
5
5
5
5
57am
57pm
563km
5054n
50
50
5034n
50
56n
50
56
5051n
50
54w
50
54
500
5
5
54
5
5pts
55
59
5
5
5
57
57
5
5
50
5pts
59
552
51
513
53
54
53
5
53
5
53
50
5
50
5
51
5
535658n
53
57306e
53
57306
5
5
5
5
5
5
51
5
50
5
5
5
50
5
5306
50
5
52
500
5
5th
5
500
522910n
52
52
5n
5
5
5
51
5
5
50
5
5
5th
5
50
50
50
51
52
53
54
55
56
57
58
59
500
5
5
5
53
500died
535n
53
53
5km
5
5
5
530mm
530mm
50
5
50
50
50
50
50
50
5
55mi
5
5353
548
52
5
5
5
5661centimeters
50
50
50
5
5
500m2
5a
5
5
50
5
547
5th
5
50
5
54
5
5
5
5
5
5
5
5
5
5
5
51
5
5
50
5
5
521037n
52
52
5th
534
52
54
5th
575
545327n
54
54
5
513022
51
506167n
51
506167
5
5202
5
5
5
5
5
511n
51
51
5
5
579
54
5
50
54
5ha
541
5
560
52
503101n
50
517n
50
517
500
5k
521321n
52
52
53
520mm
56in
5
5
52
59
5
580
50
5
5
5793
5
5
5
5
5
5
5
5
5
500
5
5
5
5
510n
510
500
5
5
5
56km
5
5
5
5
514529n
51
51
5
5
507
5th
5
59007
500
500
56
5
50
55
5
5
57
58
5
5825n
58
517e
58
517
5
52
50
51
53
54
55
56
57
58
59
5
5
501million
5
501million
5
55
55
55
55
54411
5
5
5
526
5
5
5
5
5
500
549438w
549438
5
500
5
52km
512239n
51
51
550
5sandie
57
55s
55
512220n
51
51
5
50
5
5
5
5
513531n
51
592n
51
592
5
5
5
555340n
55
55
5
5
5
5square
50
5
50
55km
5218n
52
52
52
5933n
5933
5
5
522052n
52
52
5
5
5
50c
5
5
55
50th
5
50
55
50
5
5
5
55mg
5
5
5
5
5kw
5
536
5
5
5
5
5
5
50
5cm
5
56
500
5
5
500
50
5
541
5
583723n
58
535w
58
535
583654n
58
54w
58
54
5018n
50
50
5th
5th
5th
5th
50th
52nd
54th
56th
58th
5th
50th
51st
52nd
53rd
54th
5th
5th
5th
5th
500
5
500
500
5
500
500
5
5258n
52
52
50
5
53
59
536
5
5mi
515041n
51
51
50m
5
514039n
51
51
5
5
5
54
58
5
54
50
5
55
5
5
5
50
54
5
5
5
50
5
5
5
5
581
54
5
50
503
54
5
57
55
50
539
5
59
5
59
5
51
54
53
5
5
5
513043e
51
511953e
51
511953
500
5
523252n
52
54778n
59167e
52
54778
59167
580n
580
552n
552
593n
593
59337n
59337
59km
5218n
52
52
5
500
500
50
52
50
5
5
504
5
500
56
5
5
544240w
54
54
55556w
55556
5
5
5
5
5
5
5
5
5mi
53km
532900n
53
53
5th
500th
500
501
5
5
54km
510300n
51
51
5
5
5
5
5
5
5
5
5
500
510923n
51
51
533346n
53
56278n
53
56278
5
5
57
5cm
570
5
5
5
58
5
5
50th
50km
50km
540600n
54
54
56083e
56083
5
5
5
50
5
500
5
50
51
52
53
5
5million
5
5
5
56
5
5million
5
5
5
525
5
5
50th
5
50
55
5
55
52
51
5
574
5
5
58
5
5
5
58
50
5
5
5
57
5
5
5
5
5
5a
5
5
5
5
501
5
50
5
500
500
5
50
500cc
500
5
50
500
500
5
51
586
539
547
5
5
5
5mi
5
52
5
5
503306n
50
551596n
50
551596
5
500
57f
50
5
554040n
55
5858e
55
5858
5
5806n
5806
5
5
533mm
5000
51kg
500
55
5
52
5
5cm
559
586
500
522
5
5
5
500
556
538
5443
50
50
59
5
5
5
58
5
55
57
5
5
5
5
5
53
5
54
5
57
5
5
51
51
51
55
5
542
563
57
5
5
5
5175917n
5175917
5
546
50
50
54
50s
5
5
5
5
5
5
52
567n
567
5
544
544
5
524
523
524
523
59
5
55
5
5
5
5
54978
50m
5
5
5
5
5
5
501
525n
52
52
5
5
5
5
520
5
5
5
5
5km
5931n
5931
5
5
50mi
535958n
53
53
5
53
5
52215e
5
5
52140e
5
5
57
5
5
51
50
58
5
55
58
50
5
5465
5
500
500
5
5
590m
5
5
5
5
5
50
57mm
50
570
500
5
50
500
5
500
5th
5th
5
55
5
5
5
53
5
5
55
58th
51
5
58
52nd
56th
50
50
512908n
51
51
5
5
5
5
527ad
5th
52
540
5
534218n
53
53
55
5
5459n
54
54
501
5
502200n
50
50
560km
5
54
5c
510305n
51
51
51d
5th
5
51
5
5
5
50
5
5
5cm
59in
51857e
5
57th
5050
5
5
50
5
5
5
50
51
500
5
5
50
50
51
52
53
54
55
50
56
57
58
59
5
5e
51
5
51
5
500f
5
51
5
5
51
5
52
56
5
5
51mm
50
500
5
5
53
59945n
59
59
500
500
522227n
52
52
5
5
5mi
5
50
5
51
51
5
5
550
5
5
5
5
5
5
5
5816n
58
58
500
58th
500
50
5
5
5
58
500
518
52
54
5
5m
5
549
50
57
582m2
5
583
57
582m2
5
5
5th
5
53
500
5
5th
5
50
50
5
5
5
5
5
5031n
50
517n
50
517
55
55
5
524900n
52
52
5
56km
535217n
53
53
5
533
54
5
5
5
5
5
5
5
5
53
5
5
5
5th
5k
5
5k
5
5
5
50
50
5
5
5
50
5
5
52519n
52
52
591514n
59
59
530957n
53
53
5367056n
5367056
50
58
520
5
5
50
5
50
51
52
53
54
55
58
59
5
5th
5
5
50
500
5
5
5th
5
524751n
52
52
5
5e
5coordinates
5e
5
5
5
50
5
50cc
5
5
500
5
50
51
50s
50
5
5
570
5
5
500002p
5
5
50
50mm
58
504km
575
58
500
56
57
52
520m
571feet
5
575
5
5
5
5
5
50
5
5
59th
55
5333e
5333
59
5
53
5
59
500
5
540256n
54
54
5
5
5
504321n
50
53028e
50
53028
543538n
54
594n
54
594
510317n
51
51
500
5
5
5
50
522n
522
52
5
5
5
506
58
506
53
50
5
504357n
50
50
5
52583w
52583
500
500
50
5
500
53
5
53371n
53
53
500
5
5
51
5
5
5
5
500
5th
500
500
5
5
5
5
50
5
5
50
5
5m
5th
5
5th
5th
546ha
56
5
500
500
500
565
5
5
50
5
554
5
554
58
58
56
5
563
5
5
5
500
50mph
5kw
5
5
51012
5
5
5
5
5
5
50332
5
5
50
5
5
5th
5
5
515125n
51
51
51948
51
51
51948
51
51
5km
50
50
5
5
5
5am
5
5
50
510
5
5
58
56
54
5
5
563
5
51
5
5
5
5
5450n
5450
5m
5ms
5
50
51
52
53
54
55
56
57
58
59
515
5
5
5
5
5796598n
5796598
50
5
5
5
5
5
5109n
51
583e
51
583
5
5
5
50
51
52
53
54
55
56
57
58
59
5
5
522438n
52
52
55
50
522629n
52
52
59mi
54142n
54
58194e
54
58194
592636w
59
59
50
54
5
5
50
5
5
5
500
50
5
50
563436n
56
576634n
590824w
56
576634
590824
5
5km
5km
5km
5km
50
5
5
5
50m
5th
5
56
5
505107n
50
50
505516n
50
50
5013
532744
53
53
5
57
5cm
500
59
57
500
57
500
500
57
500
59
59
500
5
54
59
59
500
500
57
50
500
51
500
51
51
51
51
51
500
51
500
59
54
500
51
59
500
54
59
54
500
51
54
59
55cm
5
5353n
5353
5
5
5
5
548
5
5
5
5
5
515
5
5th
534
52
54
5th
575
50
5
500
50
5
5th
5
5
5
59
5
5
5
5
50
5
511543n
51
51
5
511502n
51
57222e
51
57222
5cm
5
5
54km
5
5
5
5
5
57
504142n
50
50
51
5
50
500
500
511837n
51
50083e
51
50083
55mi
514142n
51
51
5728e
57
57
5824w
58
58
5
5
5
50
50mhz
5
57611w
57611
5
52
55
513441n
51
578n
51
578
5
5th
5th
5921e
5921
5th
5
50
50
5
50
5
5
5
5
5
5
51
55
51
55
56
5
582
5
50
5
5m
5
5cm
5
5
5
5
5
50
5
5
5
5
5
537ha
5
5
500
5
5
5
5
5
5
5
5
54444w
54444
5
5
5
500
572728n
57
57
511514w
51
51
53
5
5
500
5
5
5th
5
500
5
500
51
56
52km2
56
524
566
5
56
524
56
5
5
500
5
5
5
51111w
51111
52000w
5
5
5
540256n
54
54
5
537598w
537598
500
5
5
5
515bce
5th
563410n
56
56958n
56340w
56
56958
56340
5
55
55
56
5
5
5
5
52
55
55
500
524
527861n
527861
5
5
5
5
5
5
5
597
5
5
5
54
590
5336
5
5
50
500
5
514
514
500
515224n
51
5063e
51
5063
5
56
5th
55
5th
543
56
500
5
550
5
5
5
5
57th
55783
5024n
50
50
55n
55
5
5
5
522335n
52
505w
52
505
5ft11in
500
5
531
531
5
571
501
560km
5
5
500
5
5
5
5th
500
5
549917n
549917
59
52
53
56
500
5
5mhz
5
5
500
5
530200n
53
53
5th
5
51
51mm
55
5
5
5
5
50
5
5
5
5
50cm
50cm
50
56
5
580
5
5
500
5
5
5
500
5
5
5
5
500
50
5
5
5
5
5
5
5
5x5
50
5
5
50
59
50
50
5
59
59s
59001
59s
59s
5
5
5
5
5
50
500
500
500
500
5
514527n
51
51
5
5
53889w
53889
538980
5km2
559
52
5
5
500
50
5
5
5
5
53
5
5feet
57m
5
5
5
5
51889e
51889
5
5
5134n
51
567n
51
567
501
50
5
50
51mi
5
5
5
5
50
505712n
50
50
5
5
5
5
5
500
5
5
5
5
500
5
567
5
5in
5
5
580
5
542718n
54
54
5
5
54
50
55
54th
55m
52
59
5
53
5
56b
59
55
59
51
59
5000
500
56
5
5
57605e
57605
5
534222n
53
53
5
5
558
50
5
500
570
5
5
5
5
5
5
5
5
5
500
5
5
5
5
5
5
5
5
5
5
56
570
5
580
5
5am
5
5
5
50
52074
5
5
5
5
500
5mm
5
5
50
500
5
5
57869
5
54509
5
54509
50
50km
500
54509
525524n
52
52
550
57
56
545307n
54
54
5
5
53
5
5
5611n
56
56
567s
567
567s
567
545750n
54
54
51st
5
5
5
5
59307
507
537
5
5
5
50
5
5th
530225
53
53
5
52
5m
52m
5
58
5
5
500
500
5
5
50mg
50mg
50500mg
5
5
575
5
5
5
5
500
5
550
5
50s
5
50
550hp
5
5
5
5
5
5
5
50
5
5653
51
59
5
55
5
5th
5th
5206n
52
52
5
55
52884n
52884
5
553
52km2
553
501
56
52
5
5
500
5
5
5fm
50
5545ft
5f
5
51
58
5
5
5
5
581
5
54
548km
5
5
53
5
583w
583
550
595
5
5
5
5
5
5
5
521923n
52
52
5
5
5
5
5
5
500
5
5
5
5
5
56
5
50
56
56
5
50
5
53
5
50
5
5
5
5
5
5
5
5
5
52
53386
53
53
50km
5
5th
50
50
50
5
5
5159n
51
51
5
50
525300n
52
5333e
52
5333
5
500
5
5
5
5
50
5nm
5km
5
543139n
54
5275n
5608w
54
5275
5608
5mi
532800n
53
53
5
5
5
50
5
51
52
53
54
55
56
57
58
59
5
537
5
5
5
5
5km
5
5
5
58
500
5
5
50
51
52
53
54
55
56
57
58
59
58
59
5
5
5994
5
51
501
56
500
5
580141n
580141
5
5
511349n
51
51
5
50
54
500
500
500
500
5
569mph
5
51
500
52
5th
570mph
500
5
55
5
50
500
5mm
54
5
5
500
5
54
5
57
5
592
51
5
5
5
59
52
5
58
576
5
5
500
56
55
5
5
5
55
525201n
52
52
512227n
51
51
500
55
5
532032n
53
53
5
5
5
54
5
54
5
5
5
5
5th
5
5
5
5
5
5cm
560
525
519
52
59
549
5
55
5
5
5
5
50
5
5060
5
52
5
5
5
51
540km
58
50meters
5
5
5
5
529km
5
55
5
5
57
58
5
5
5
554605n
55
55
5
5704
5
5
5
50
5
50
51
52
53
54
55
56
59
5
50
5
5
5
5m
5
5
5
5
5
500
5
5
5
5
5
5
519n
519
5
51
5
5
5
5
5741
5
5
532313n
53
53
500
5
5th
51519n
5
5
5218n
52
52
51percent
5
5
5
5
5
5
5
50
500ft
50
55
51993w
51993
50
50
54
53km
5
5
5km2
50
56
55
5
550
5th
5
5
5
5
5
5
5
500
54056n
54056
515404n
51
51
5
530336n
53
53
5
5g
5
5g
542
5g
5
55
55
55
523035n
52
50972n
52
50972
5
5
5
5
515049n
51
51
50km
50mph
500
5
5
5
5
5
5
5oz
5
5
56
5
501533n
50
50
572500
56
50cm
502021n
50
50
5
5
50
50seconds
56seconds
50seconds
500m
5th
53km
55km
523900n
52
52
5
5
500
5
5
5
5mhz
5mhz
5mhz
5mhz
5mhz
5mhz
5
5second
50seconds
5
5
5
5
57
53
51
53
5
59
5
5
5
5
5
5
5
50
50
50th
5336
50
50
50
50
50
50
530
54
583n
583
500
5
5
57
50
5
500
5
5
58
53
5
5
5
5
5
5
50
50
5
50
50hz
50
51
51
56
52
53
5
54
55
5056n
50
50
5
52
50
51
53
54
55
56
57
58
59
5
5
500
5
5
5
5
5
5
500
50m
50m
5
50
53
5
5
5mi
56km
541126n
54
54
5km
5
56
5
5
5
5th
51st
52d
57th
52d
57th
5th
5
5
564n
564
504210n
50
50
5
5
5
5
5
5th
5cm
5
5
5
50feet
5
529
545
524745n
52
52
5
5
5332n
53
533n
53
533
5
5n
5
58
5
56
5
5
5
513144n
51
529n
51
529
5
5
5
5
5
5
54
5
523240n
52
5445n
52
5445
5l
5
500
553
555
5th
5
5
5401n
54
54
56
5
5
55
5km
5
5
5
5
5
5
5
5
5
50th
5
5km
5
50
59
5
558ha
5
5
5
5
5
5
53km
515800n
51
51
5
5
5
50
5
5km2
53
56
500
500
5
52
56
53
50
50
5
5
5
513408n
51
569n
51
569
5
553
5
54th
5
540
5mi
5
55
504901n
50
50
5
5ha
50
5
5
5
5000
523923n
52
52
5
5336
5
525152n
52
50759e
52
50759
5
5
5
5
5
5
5
55
55
5
5
5
5
5
5
5
55
54
55
5
55
55
53889e
53889coordinates
53889e
53889
5
5
5
5
5
5
5
5am
5
5
5
5pm
5
5
5
500
50
5
54m
50
5
587
587
598
516
5
598
5
52
59
5
5
500
503
53m
50m
5
5
5
55w
55
540m
5
53
5
5
5
524
518
5
5
50s
543
5
5
5
5
5
5
500
52
52d
56
528
5
5
50
5
5
567n
567
5cm
5
52
5
52
5
50
5
5
5
5
5
5
500
50
5
57mm
5
510ft
5559n
5559
5
51
5
500
5
52km
500
50
57
57
555910n
55
55
5
5
59acres
5
5
5
5
56
5
5
5
5
59
5km
5
5
50
5th
5
5
52
5
52
554349n
55
54222e
55
54222
58
58
5
5
5
5
5
5
5
51917w
51917
5
5
50
51
52
53
54
55
56
57
58
59
5
5
5
510743n
51
51
5
53km
5
50pm
5
5
5000
5
5
513413e
51
570339e
51
570339
5
50
5th
53
500
5
5
5
59
53
5
532030n
53
53
58189e
58189
5
544
5
50
5
5
5
5
5
50s
5
542
5
512
5
5
574328
57e
57
5637694e
57
5637694
5
5
57
5
5
5
5
50
51
52
53
54
55
56
57
58
59
500
501
502
503
504
505
506
507
508
509
510
511
512
513
514
515
516
517
518
519
520
521
522
523
524
525
526
527
528
529
530
531
532
533
534
535
536
537
538
539
540
541
542
543
544
545
546
547
548
549
550
551
552
553
554
555
556
557
558
559
560
561
562
563
564
565
566
50
5
5mi
5223n
52
52
505
5
55
50
5
565
59
5
5th
5th
53
54
5
5
5v
5
5
5
5
5
5b
5c
5th
5
5
5
5
5
5
5
5
5
5
5
59
5
5
531401n
53
5397w
53
5397
5
51
59
5
53
574216n
57
57
580
502
570
5km2
5
52
50
50
55w
55
5
50
5
5
50
5
5
5million
5
5
5
5
59
5
58
57
50
5
56
5
5
50
568
568
54
5
5
5
5
55
5
50s
58
500
5
5
5
5
5
50
509
5
5261
509510
5
50
500
595
5
5
5159n
51
51
51
50
5
5
5
5
5
54
5
5th
53rd
53rd
5th
5
5
513
5039n
50
583e
50
583
516
500
500
5
500
5
503721n
50
50
5
5
5
550km
50km
54
54
5
56km
55
500
513
5
55
55
5
5
5
5
500
5
554233
55
55
55
5
5
5
5
5
5
56
5
5
5
5
5
52nd
50
5b
5bwp
5d
5d
5p
5
5
5
5
5
5
51
503410n
50
5694n
50
5694
54
5g
5
5
552851n
55
55
5
5
5
5
5
502235n
50
50
5
5
5
5
5
5
5
5
52
5
5
5
5
5
505617n
50
50
521704n
52
52
5
5
50
50
5
5635w
56
583w
56
583
5
50
54
5
5952
56
512
57
57
5
5
5
5
505
5
53
5
5
5
5
5
5
5
57
5
5
5
5
5
5
5
50
5th
534458n
53
53
54842e
5
5
50
51056w
51056
510525
5
57
58
5
5
500
5ft11in
500614n
50
50
58
5
5
5
575
5
5
500
517feet
5
53
54
54
50
53
50
5
52
53
54
5
5
5
51
5
5833333n
5833333
5
5
5
51
5
5
5
500
5
5
5
51
5
5
5
5
5
5
5
5
51percent
5
5
5
5
58
58
59
5
5
5
5
5
500
5mph
5
52
5
50
5
5
5
5
5
5
5
5
5
5
5
5
5
50517
59n
50
50
5
525n
5
5
5
50
524745n
52
52
5
533e
533
504234n
50
50
5
5
500
5
500
50
500
5
5
5
524
5
5m
5
5
5
5
50
5
5
50km
50km
50km
5
5
5
5
5
53
5
5
5
5
500cfa
500cfa
5
517n
5
5
5s
5
5
5
500
5
52
5
5
5
501
5
559
5
50
501
57
5
5
5
5
5
56
5
5
5
5
5
5
5
5km
539
52
5
5
5
50th
5
5
5
5
50
51
52
53
510
5
5
54
500
500
5
57
50
53
56
5
50
5
5
5
5
522
5
5
57
5
5
597
5
5
515050n
51
51
500
5
5
5
5069
5
5
5
5
5
5
5
5
5
5
5
5
5
5
5
50
5
5
5
50
50
5th
50
5
50
5
50
5
5
5
5
5
5
5
540
540
5
5
5
5
5
50
50km
500
52
52
54
50mph
5
50
51
52
53
50km
54
50km
5km
55
56
5
57
58
55
59
5s
5
5
5
5
5
5
566
5
5
5
5
5
50
5
50
50
5
5
5
59
50
59
50
502
50
5
5
5
5
53bn
50
5555
5
500
5million
5
5
5
5
5
525
5
552
5
5
5
5
54
594134n
59
59
5
5
54kg
5
5
500
5
5
5
5
5
5
5
5
5
5
5
50
50
523
5
500
50
5
5
54
50
57th
5
55
5
50th
5
5
5731n
5731
5g
52
500
5
5
530
52
56
5
527
5
5
5
5
5
51
5
5103n
51
51
5
5
5
5
514618n
51
51
583w
583coordinates
583w
583
55
59
5
52
5
5
5
5
594
5
5
54th
5km
511
509725n
509725
5
5
5
5
5
5
50
5
5
5
5
52111w
52111
5
52
54
54
52
519
54
506
5
5
5
59ft
5
5
500
5
5
5092e
5092
5
50
5
5
5
5
51
5
5
5
5
57
57
57
57
57
57
57
50
57
57
500bc
55418e
5
5
513055n
51
515309n
51
515309
50
5
5
5
520426n
52
52
5km
5
53mi
542016n
54
54
5
590
590
5
51
5
500
5
58
515800n
51
51
5000
5
56
54
5
5
5
5
5
52417w
52417
5
5
5
5
5w
5
5
5
5w
5
5
5
554513n
55
55
5
54528n
54528
51549n
51
51
5
507
507
5
5
5th
5
5
5000
5
51
58
55
5
543
5
543
567
59km
54
515231n
51
51
5
5
5million
5
500
5
50
50th
55
5
5
5m
5
5
5
5
5
57
58
59
56
5
52km
530300n
53
53
51st
5
502441n
50
50
5
5
5
557
513
581
5
5
563
500
5
5
50
559
5
52
50
53
51
50
51
50
56
52
55
500th
5
56
50
50
51
50
52
5
50
53
54
55
56
57
58
59
523719n
52
52
5
5mm
5
50
50th
594ft
55n
52e
55
52
51
59
5
54
501
5
5
5
500
50
5
5
5feet
5428
50
5530
50
50
5
5
5th
5th
5
543745
54
54
5
5
500
5
590
51percent
5
517
596
52
5
55
5
5566
54013w
5
5
5
50
5
5
50
5mm
52551n
52
52
53
5
55
5
5
5
5
5099951495428
5099921376429
51mi
540
540
540
5
538
536
553
551
551
551
551
551
5
5
5
5in
5
5
5
5
5
5670e
5670
5
5
5
51
52
52
53
5
55
5
5
5
50
5
5
500
51
500
500
5
588
5
500
5
52
5
524
57th
5
5
5
5
5
5
5
5
50
51
51
51
52
52
53
54
54
55
53
56
56
57
58
59
52nd
52nd
52nd
5
5
52
5
5
5
5km
5
5
5
5
5
5
500
57
565
51
58
500
5
5085
5
515504n
51
51
5
5
50
51
52
53
524745n
52
52
5
5
5
50
5
5
595w
595
5
54
5
528
5
5
582646n
58
58
5th
5
5
5th
5th
585
5
5
5
5
5
5
5
5
563
58
5
5
5
5
5
52h
5
5
5
5
5
50
50
59
5
52
5
5th
5
56
5
5
5
58
500
5
5
5
574
5
5
5
5
5
55
5
5
597mm
530012n
53
53
5
5
5
5th
5
581930w
58
58
500
5
579
58
5
55
5
58
5
5
523838n
52
52
5
5
5
5
5
5
5
50
51
52
53
54
55
56
55
57
58
59
5
5th
513c
5
5
5m
5m
502
5m
5m
5
5
520
5
5
523km
580
5
523km
51
5
5
5inches
5
5
5
5
5
5
5
5
5
5044n
50
50
5
5
500
5
50
5
50
52
5
50
5940
500
5
59417e
59417
535w
535
5th
5257n
52
52
5
5
5491
552
5
52
5
586
5
54
50th
55
5
554432n
55
55
57
50
5
500
5
5
511400n
51
51
5
500
5
500
55
5
5
500
540
5561
540
511213n
51
54861w
51
54861
5
54
5
5
50
58
5
56th
5
5
5
51
5
56
5
500
50
5
5
50
51
5
52
53
54
5
55
56
57
58
59
500
50
56km
5
5
5
57
5
500
5
5
500
5
5th
5
5
5
503631n
50
50
587
5
5
50
5
5110n
548e
51
5
51
5
5
5
5
5
58
500
5
5
5
56
5
56
54
5
578
5
5
500
5
50
51
52
53
537
54
585
562
530
5
55
56
57
58
59
5
50
5th
5
5
5
5
5
5
5
5
5
5
5
50
5
50
5
5
5
53
5
5
500
5
5m
5m
560kw
533mm
55
53
5
50
51
52
53
54
55
551
552
553
554
555
556
557
558
559
560
561
562
563
564
565
566
567
568
569
570
571
572
573
574
575
576
577
578
579
580
581
582
583
584
585
586
587
588
589
590
591
592
593
594
595
596
597
598
599
5835n
58
583n
58
583
572
55
5
500
577
53
5
5
503
500
5
50
5330n
53
5n
53
5
59
5
553
5
5
5
5
500
5
5
500
5
500
5
5
514828n
54352e
51
5
51
5
5
502027n
50
50
5
5
5
5
5
5
5
5
5
5
5
5
5132n
51
533n
51
533
5
584048n
58
58
530700n
53
53
51
59
5
5
5
53
50
50
57
53
5
551st
550
57
5
53
5
500
50
51
52
53
54
55
56
57
58
59
59
5
5
501
5
5
558
5
5
5
50km
51kg
50
5
5
50
500
532
5
5
5
500
5
5
5
5
5
5
5
5
5
5
5mi
577
5
512mb
5
5500
50
5
5
5
5
5
5
5
505
52
51
5
5
5
5
5
5
5
5
5
5
500
50
5263172w
5263172
52
570
5
50feet
50miles
5th
507
57
55
58
508
5
50
5inch
5th
507
5
5
55
58
5inch
5
5
5
5
5
5
5th
59
500
5
500
502
500
5th
5
5
55240n
5
5
544529n
54
54
58
500
5
5397n
5008e
5397
5008
50
50
5
500s
55
50
5bn
50
50
58
50
5
58
5bn
500
56
500
553
58
500s
520421n
52
52
56
5
5
5m
5
5
50
5
5
5th
5n
5
524146
52
52
51sqmi
58
5
5
5
5
50
59
5
54
57
57
59
5
55
5
5
5
56
5
5
52
5
53
56
59
53
5
5
5
5
53
5
5
5
553n
5
5
5
5
572
500
5
5nm
52
550
5
5
5
560
5
500s
50
5
5
5
5
5
5
53
5
59
505336n
50
50
5089
5
512
5
58
50
5
51
528
560
52
5
5
56k
50000
500
52
52
52
52
5l
5
5l
5
58
50
5
5
5th
500
500
5
558
5
551
57
5
5
5
50km
5
5
5
5
53
58
50019
500
5
5
5ft3in
59
500
5
56
500
5
5
5
5
5848239n
5848239
5
5
5
52th
5
52201e
5
5
5th
5
5
5
5
5
5
5
5
57
5
5
5
50
500
5
5
53
55
5
5
5
50
5
500
500
500
50
58th
50
53
54
50
520630
560670
500610
50
5
50
50
58th
56
57
58
59
53rd
50th
50
50km2
500
500
570
5
500
5366e
5366
57
5
5
54344n
54
54
5
5
56km
523800n
52
52
5
5feet
5inches
511m
500
526
57n
57
5
5km
51
5
5
5
5
5
5
5
5
536k
505f
50
5
5
5
55
56
50
51639w
51639
5
5
5
5
5
5
5
541
599
553
5
585
558
52
5
518
50
50
5
5
512127n
51
51
5
5
5
5
500
5
5
5th
523100n
52
5167n
52
5167
5km
530
596
50
5
51
50
5
500
5
50
560955w
560955
5
5
5
555
59
5
51
51
51
5
51
51
51
51
5
500
5
55
5
540117n
54
54
517
5
5
5
50
5120n
51
51
5
572
560
5th
545631n
54
507w
54
507
5
50
5
57
5
5
5
5
5
500
500
500
500
500
500
500s
58
5
5
56528e
56528
554
5
5
50
50km
5
541707n
54
50112w
54
50112
500
5443
5444
5443
50
50
50
5
5
5
5
5
5
50
550
5
5
5
5
5
5km
5
5183
5183
520
5
530
5
54
5
5
5
5
5
5
50
50
542
578
5
5
5
5
5
5
5
5
5
5
5
5
5
5
500
5
5km
55
5
5
5
5
5th
50
5
5907n
59
59
5th
5
5051099794627
5
5
5
5
57
5
5
542
50
5
50
50hz
5
5
5
53
5
51
58bhp
5
500
5
5
58
5
5023n
50
567e
50
567
5
5
57
500
5
5
58
5
59th
50
50
58th
579
5
56
5
53
51
5
51
5
5
5
5
502534n
50
50
5
5
5
5
5
5
5
5
5
5
5
5
5
5
5
51289n
51
51
5
523455n
52
582n
52
582
5
500
511644n
51
51
5
57
500
5
55
55
569
5
50
569
557
54
58
58
5
591
5
513023n
51
5065n
51
5065
50th
50th
50th
50th
5
5
500metres
54636n
54
54
50
51
520
518
5
534
514
5
53
5
5
5
5
5km2
591
502
5
59
5
5
5
5
5761
571731n
57
57
5mm
5
5
5
5m
5
5
500
500
50n
50
5
5
500
51
5
5
5
500
500
5
50
51
52
53
54
55
56
57
58
59
56
500
5
5
5
550
5
5
5
5
5
5
5495587n
5495587
5
525
5
55
5
5
5
57
554
5
5
5
5
5
51s
50
554
51278n
51278
5
5
5
5
56
5
50
53
553
5
5
5
52
58
5
5
5
5
50s
50s
5
50s
50
5
5
53
5
5
500
50
5
5
5
5a
5
500
5mio
5
5
50
5
57
58
5
5
5
535
5mi
5517
5
5
50
5
5
5
5
58
5
5
5
5
56
5
50
5
5th
50
51
52
53
54
55
56
56
57
58
59
52
5
5
5
5
5
50
5
5
54th
55th
5
5
500
5
5
5
56
5
5
5
5
5
51
52
53
5
5
500m
5
5
56
57
58
5
59
5
5
5
50
5
56
5
5
5
5
5447s
54
54
5447s
54
54
5
5
51
5
5
500
52
5d1h45m
5
5
5
5
5km
5
50
53m
59inches
5
5
5
5
5
5
500hp
593
5
543635n
54
54
500
58
59
55
55
55
55
55
55
5
55
55
55
55
55
55
55
5
52
55
5
56295e
56295
531258w
530n
53
530
53
5
54
54
5000
513628
51
51
543
5
5
5
51
51
500lb
5572e
5572
578
50
581
559
581
5
5
56111n
56111
5
5
5
5
5
5th
5
5
5
500
5
5
5
500
500
500
500
500m
5
52
5
52
52
52
52
52
52
5
50
5th
5
565
5700
5700
5
50
51
5
55b
5
5
5
5
55
55
5
519
500w
500
5
555639n
55
55
57
500
5
5
50
5
5
5
56
5ft5in
57
5
53km
533500n
53
5833n
53
5833
5
5
5
54083w
54083
5
5
5
57th
5
50
50
50
5th
5
50s
5
5
514844n
51
51
50
5
58
5
5
5
57
5
514207n
51
51
5
525
5
5
5
5
5
500
52
5
5
5
55
51
500188
54
5
5
5
5
50
5
5
50
5
5
5km
5
5
568miles
5
531431n
53
53
5
5
5
57222n
55556w
57222
55556
583s
5e
583
5
510
5
504943n
50
50
5
5
5
5
5
5
500
5
50000
5
5
5
55
53
5
58
50
5
5
54
5
5
5
5
594
500
5
5
500
5
5
5
500bce
5
500
5
5
5
5
5th
53mi
5224n
52
52
514335n
51
51
59th
50
5
5
5
5
5mi
542355n
54
5325e
54
5325
531409n
53
5443w
53
5443
5
5
50
51
52
53
54
55
56
57
58
5
54
54
54
58
5
56
59
56
560w
560
5
5
5
502
5
50
500
5
5
5
50
5th
5
5
514
514
58
5
530
5
5
500
5
5
5
5627
5ft
5m
5
5
515sq
501025n
52839w
50
5
50
5
57778s
57778
5
54472w
54472
544671
57
56
5
55
5
5
5
5
56th
5
5
5
5
5871
5
5
5
500
500
5
500
5
5
5
54s
5hrs
51
587
5
5
57km
532600n
53
53
5
51840n
51
51
500614n
50
50
5
53
5
5
5
53
505
5
5
5
5
50
5
5
5
57
5
523134n
52
52611n
52
52611
5
5
5
5
5hp
5
5
5
5
5
56km
5
5
5
5
53389n
53389
5
5
50
50
5
5
5
5
52
59
5
5
5
5
50
51
52
53
54
52
55
56
57
57
58
59
5
5
531447n
53
53
50
5in
5
56
5
5th
5
5th
50547n
50
50
5
5
5
501500n
50
50
57
5
5
5
5th
5
5
5
51
5
50
502142n
50
50
573
53
5
5
5
5
5
5
5
5
5
5
511
5
524156n
52
5100w
52
5100
5
5
52
50
51
51
52
53
54
55
56
57
58
59
500
50
514
51
504
58
549
5
587
5
56
5
5
5
5
5
517
506
52
5
51
5
58
5
500
57001n
57001
5
5
521514n
52
52
599
5000
510215n
51
51
5
5
50
5
5
50
54
5
5
5
524
5
5921n
59
59
539
580
580
516
5
562
5
58cm
5
5
503247n
50
5463n
50
5463
5
547
576
5
58
51
5
592
500
50
5
50
5
5
5
52
5
50
5
5
5
5
5
5
5
5
5
5
5
5
5
5
5
5million
5million
5
5
5
5
5million
5
57
5
50
5
5
50
50km
513800n
51
51
5
5
57333w
57333
5th
5
56
5
5
5
59
5
5km
5000
52126e
5
5
5th
5
5
5
