6
6
60
60
6
6
625
6
602
61km2
6
6
63
6
60
6
6
6
611
6
603
60
64
6
689
63
64
6
6
671
6
64
676
6
6
6
65
631
635
6
640
66
6
61
6
665
669
63
6
667
6
65
605
688
6th
6inches
6in
6
6
6
6
67
69
65
65
6
620ft
620feet
67
6
6
6
6
61
6
63
6
6
6
6
6
6
6
6
6
6
6p
6
6
6
6
61
6
606
6
6aworldwide
6
6
643
69
60
6
65
64
65
663
6
65
6
64km
6
6
6
6
60
61
62
63
6
64
6
65
66
67
68
6km
6
6
6
65
65
6
6
64
65
65
60s
6
6th
60
65
6
67
6n
6
6
6
6
6
6
64ft
64
6m
670t
6
686ihp
6km
650t
640long
6
67volts
690fps
685mps
6
600
60mm
600mm
6in
6
690long
6
6
6
6
6
6
6
6
6
63
62
63
62
62
6
6
6594698w
6594698
6
6h
6
6
6
6
6m
6th
6
66
60c
6
6
65
64
6
6
684sqmi
6
6
60
6
60
6
69
6
6
6
6
6
6
6
6
6th
6
6
6
6
6
6km2
65
62
6
6
65
64
65
65
68
65
6
6
600
6
67
61
6
67
6
60hp
6p
6q
6
67km2
6
6
6
6
678
6000
6
633n
633
60
600
67
6
6
6
6
667e
667
61
61
6
613
626
6
62
62km
665
61
6
6
6
60
6
67
6
6
60
6th
6
60s
6151
65
6
60
64
67
67
65
64
65
625
6
64
6
63139n
63139
631297
6km2
6km2
6
6
6
669
6
6
6
65
6
64
65
6
6
65
6
63
64
6
6
6
60
61
64
600
65
66
66
6
6
67
68
69
60
60th
6
67
68
69km2
6
66
60
6
66
6
6540216n
6540216
616
6
6km2
620
64
6
6
6
63
600
6
6275n
6275
6
666
62
6
6mi
69mi
66e
66
60
61
60
62
67
6
6
60
60
60
60
6
64917e
64917
6
63
65
64
65
6
690ft
6
600
6690
6
60
6
6
6
6
625
625
625
625
625
625
625
625
625
625
60
625
625
6578125mhz
6
64
698
6
6
64
60
6
6
65
64
6
65
677
6
65
6mi
6
63mi
67th
69km
6
6
6
6
6
6
6
6
6
6
6
6
6
6
64
65
6
67
6
66
6
6
6
6
6
61
64
66
6
6
6
6
67
6
6
6
6
6
6
6
6
6
6
6
6
6
6
600m
6
6
6
6
6
6
63
63
6
62
6
60
6km
6
6th
6
6
65
6
6
6
6
6
6
6november
6
6
6668
6
6
6
6km2
6
6
6
6
6
6
6
6
6
6
6
6
61e
62
68
6
6
65
60
6
6march1969
6
60
60
6
6836w
6836
600m
610m
610m
62
64
65
65
6
6
6
6
6
6
62
6
66
66
6
60
60
60
6
665m
6
6
62nd
6
6800w
68w
68
6
6
6
60
620
63135e
6
6
6
600
600
633
641
6
6
6
600
60100
6
6
6
67
6minutes
6481n
6481
6
68
60
6
616
6
6
6
6
6151
6
6
60
6
61f
6
62mph
6
6
6
66
6
6
6
6
6
64
6
6
64
60163
60
6m
6
6
612
6
6
63
6
6
6
600
68
6
60
63
6
6
6
6
6
6
6
6
6a
6
650
6
60
61
62
63
64
65
64
64
6
6
6
6
6
6
6
6
60
62
6
6
689
6
6647083n
6647083
632
6
632
6
6
69
65
66
6
64
65
6
6
65
6
650khz
650
6
6
6
6
60
6
60
61
62
63
64
65
66
67
68
69
6
600
6
60
6
6
6
68
6
69
60
62
62
62
64
64
60
6
64
6
6
6
6
6
65th
6200n
6
666667e
6
666667
64
6792n
6792
6290
6
6
6
6
6
60
6
63
6
68
6
657
617e
617
62
6
6
600
667
6
6
6
6
6
6
632
6
6
6
65
6
64
65
6
659
6
6
6
63sqmi
69
6
6
6
6
65889n
6930194e
65889
6930194
649
613
65
6
6
6
600
62
65
600
6
6
6
6
6
61679n
6
6
6
6
6
6
6
6
6
6
656
6
6
6
6
6
6
6
6
6
60
6th
632
6766
6
6
6
6
6
60
65km
6
64
65
6
6
6
6
6
6
6
60
60
6th
6378n
6378
69
62
6
60s
6
6
63km
6667e
6667
649s
641e
649
641
6
6
6
6
6000
6
6
6
60
60
60
6
6
6
65
6
64
65
6
6
65
6
652
6km
6
6
6
62917e
62917
6mi
647
647
6
6473w
6473
6
6970ug
6
633
6
688
673
600
6
6
60
6
6
6
6
6
6
6
655
65
655
65
6
64
65
65
6
613
6
65
6
6
65
6
64
65
647
65
64
64
64
64
64
6
66
6
65e
6
6
6
6
600
6867n
6867
6
60
60
6th
6th
6
6
633259s
63
63
6
6
6
662102n
662102
62mi
600
6
6
6
620
6
6th
6
6
6
6
683482n
683482
639
6
63
6
6
6
69
69
60
61
62
63
64
65
66
67
68
69
6
6pm
6
6
6
6
6
6
6
6
6
6
6
6
6
64
68
6
600mm
6
6
67
6
6
6
669m2
6
670
68
61
6
62
65
60
64
60
65
65
6
6
6mi
6
6
600
6
6
6
6
6
6
68
6
6
62
617e
617coordinates
617e
617
6
6
6
67
6047n
6047
6
6
6
6
6
6
6
60
64
64
670
62
6
6mi
61km
695241w
69
69
69
6
6
6km
6
6
6
65
6
6
65
64
65
65
62
63
64
65
67
68
67km
6
6
6
6
692m
6
60
635
61
683
6
6
6
68
68
610
6
6
60
6
6
6
6
6
6
6
689
6
6
62
6
69
69
6
6
67
67
6
64
600
6
6km2
63100
6
600
67
6
67
65
64
65
671
65
6
6
6
61
6
69
65
64
65
6
6
65
6
6
6
60km
60
6
6
6
65e
65
6
6th
6
6
6
6
6
6
6
62mi
682ft
6
6million
62mph
66ft
6
60
61
62
63
64
65
66
67
64
64
6
624
6
65
6
6
6
65metres
61km
60
6
65th
60th
62d
67th
61st
64th
61sqmi
68km2
66km2
68km2
6
6
631
6
60
69
6
64
62
6
692
66
682
675
6
676
63
670
6
69
64
6513
6
6
68
68
6300
6600
6
6
6
6400
6630
63
60
60
68667e
68667
64
6
60
6
64
64
6
64
65
63
6
6
600
6
69
64th
60km
6e
6
6
66
6
613
63
69
6
6
6
6
6
6
6
6
6
6
6
65
6
6v
6
6
6
6
6x4
6
6
6617s
66
66
6617s
66
66
667e
667
6
66
6862028e
6862028
600
63
6a
6b
6d
6
6
64
64
6
6
6
6
683e
683
6622n
6622
6
62
638
6th
6
60
64059w
6
683w
6
683
6
69
6
68
600
60
6
6
6
6
6
6
6
65
6
68
6
6587s
6587
67th
6
6
6
61
65
64
63
64
60
60
60
6
6
60
6
60
61
6
6
6
6
6
6
6936s
69
6s
683e
69
6
683coordinates
6936s
69
6s
683e
69
6
683
6
625
60
61
62
63
64
65
66
67
68
69
6
65
6
6square
67
60
65
64
65
6
6
65
6720s
6627w
67
66
67
66
6720s
6627w
67
66
67
66
6
60
614
6
600
6
6
6
6
63
608
6
6
6
6
6
6
6
60
62km
60
6
624
6n
6
61
65
6
64
65
67
64
60
6
65
6
6
6
6
65
6
6
6
69
6
6
630
683s
683
671027
67
67
6
60
61
62
63
64
65
66
67
68
69
644
629
68
63
65
62
64
65
635
65
6
6
6
6
620t
680short
69m
6mi
6333n
6333
65
600700grams
6
60
6
6
6
6th
6
6
641
6
60
61
62
63
64
66
67
68
69
65
6
6
64km
6
600
6
6
6
64
6
68km
6sqmi
6
6
6
69452n
69452
6
65
6
64th
6
66
64
6
640
6sqmi
6
6
6
6
60
6
6
6
6
6
6
65
6
6
6
6
600
658
6
600
618907
66
63
69
6
68
6
600
6
6174
6
6m
62
6bar
6
6
672
687
67
6th8th
66
68th
688
676
626
698
60
629
6
61
632
65
62
6
67
633
6
651
63
64
621
65
66
67
68
66million
69
610
6
6025n
6658e
6025
6658
6
6
6
6
6
6
64
6
6437e
6
6
600
6
66
6
61
6m
66gj
6
6
6
6
66083w
66083
660845
6
6
63
61
65
64
65
6
65
6
6
6
6
6
6367w
6367
6
6
6
60
60
6
6
6
6
60
6
6
657
653
669
631
679
616
672
636
602
668
617
660
668
694
607
617
664
603
667
624
626
627
678
632
648
656
652
650
663
644
642
6
6
6
6
67
6th
61st
6
6
64e
60
61
62
63
6640465n
6640465
63
6
62
60
6th
633
64
6
6
6
60mph
6
6
650
6
6355
6
6
6
6
60mi
6
6126
6126
6126
6
6126
6126
6126
6
6
6
68th
61
66
69222w
69222
683n
683
6
6
6
6
6
6
6
60
61
62
62
63
64
65
66
67
68
69
60
67million
66
6
689
65
600th
6
60
60
61
62
63
64
65
66
67
68
69
69
6
62
6
6
60
6
666667n
666667
60
6307w
6307
640
64
6
64
64
6th
6
62
6
6
68
648n
648
62km
6
6
61
65
6
600
6
66
64
6
6
6
6
6045s
60
60
6045s
60
60
6
6
65
6
64
64
64
6th
6
64
60
61
62
63
64
64
65
66
67
68
69
6
60
6
600
600
6
60mph
65mph
6
65c
6
6
6
6
6
6978e
6978
63km
6
6
6
6
6
6
6km
6
6
6701w
67
67
68278n
68278
682916
6
6
6
6
65
6
64
65
64
6
637
65
6
65
6
6
6
6
6
6
6
67hp
6m
6
6
61
60
65
64
6
6
65
6
650
633
609
65
6
68
6
6
6
6
644
61
6th
6
6
6
6
60
6
6
65ha
6
6
6
60
6
6
6
6
6
6
6
612
62
6
6
6
660
600
64
64
64
6
6
6
6
60
63
6
6
68
6
64
6
6
64
60
6
693e
69
69
62w
692875n
692875
6in
6in
65
6
60
6
6
6
620
6m
6
60
60
6
6
6
63mi
6
6
6
6
62
62
695
6kg
62
6
639
614
62mm
6
65
6
671386n
671386
6km
6km
6
6
6th
6
6
63
6
650
61
61534w
6
6
6
6b
655
640km
6
6r
6
6
6
62
64
65
6
66
60
63
67
61
6
6
6
6
6
6
6
6
60
61
62
63
64
65
66
67
68
69
66
6
6
65mi
6500
63
6th
65s
65w
65
65coordinates
65s
65w
65
65
6
6
6
6
6
6
60
61
62
63
61
62
63
64
65
66
6
67
68
69
69
68
656
64
6
61
6mi
625
636
60
62nd
68
600
60
60
69
6th
650n
650
60
6
6
6
6
6
6
605
60
6
677
6
6
610mm
610mm
6
695
680
6
64kg
6
6
66
6
66
6
63
63kg
63
60
6
6
61
6489
6
687
667
6
6
6
6
6
667mi
6
6
67
6
6
6
6
6
6
6
600
600
645
600hp
645
645f
60
645
6
69
60s
6769
6686
6
66
64
617ft
6
6
6
67
6
6
6
6
60
65
62
6
6
650
6
6
6
6
6
6
6
6
6
6
6
6
60
66
66
6
6inches
6
6
62
6
6
6
65
6
6
6
6
6
6
6
6
6
64dd
60
61
6
6
6
6th
6th
64444n
64444
6
617s
617
617s
617
62
66
6
65
634612s
63
63
610700n
61
61
6
6
6773w
6773
6
6
6
6
6
6
6
6
6
6
6
63
637
6
6
6
6
69
65
6
6
6667e
6667
6186e
6186
69th
6
6
6
6
6th
658
6
6
6
6
6
615
601
640
65
61
6
64
62
6
68
6
6
6
6
6
6
6
6
6
61
63
656472e
656472
6
6
6
6
6
6
6
6
6
65
60
65
65
6
6
65
65
6
682
60
6
60
61
6
6
6
69
665350n
66
66
66
6
6c
656
6
65
64
65
604
6
65
6
6
69
6
6
6
6
6
6
63
610
645
67
62
660
680nm
6
6
6
6
60s
6
6
6
6936
6573
6
60s
6
67
6
6
6
6
6
6
6
65139e
65139
6
6
6
6
6
6
6
6
6
60
6
6
6
6
6
6
6
6
6
6
64
61
62
6e
6
60
655
6164
6
6
649
6
64m3
60mm
6
6
6
65
64
65
6
613
6
6
6
6
65
64
6
62
6
667n
667
6
6
6
6
6
6
69
63
63
63
63
63
6778n
6778
6
6
650
63
68
6
6
6
6
6
6
6
6
6million
6
6
6in
6
64
629
657
657
62119
64k
64
64
60
6
6
674
67766779
61
600m
656ft
652
676
6inches
6
6
6
6mi
6
6
6
6
6
6
6
60
6
60
6
60
67
63
64
6
600
6
6
6
65
6
697
65
6
6
6
6
6
6
617e
617
68
61n
61
6500n
6500
60417w
60417
604277
6km2
67
65
64
65
67
69
64
620ft
63km
6
6
6
6
6
6366
6
65
67
68
6
6
6
6
6
6
6
6
6
6
6
6
6
6e
6
6
6
6
60
60cm
6
600
600
6
6
6
6
6
6
64km
6
6
62mm
600
6
682
6mph
6
6
63
6
654
632
6
6
60
6
6
6
65kg
6
6
66
66
66
6
6
6
6km
6658e
6658
6
6
6
6
69
6
6166667s
6166667
661st
6
62
6
61
62
6th
68
69
687
642
642
640
640
609
6
6
6
67
6
6
6
6
6
6th
60440e
6
6
6
6
6
6
6
60
6
6
6
60
6
6
6
6
63rd
62nd
61st
60th
6
6
6
64
6
6
6
64
6
6
6
60
6
6445w
64
64
6445w
64
64
67
66
6
6
6
65
6
6
6
6
66th
66th
6
670m
60
61
62
63
64
65
66
67
68
69
64
67
62
63
65
6
660058w
66
66
600
6
62
60
66
60
614ft
6feet
6
67
65
6
60th
6
600
64
67th
6
64
6
66139e
66139
6
61278e
61278
600
6
60
649
683
696
697
6
69998w
69998
6
6400w
64w
64
698
6
6
6
64111n
64111
65
6
6
6
6
6th
6
672w
672
6
6
6
61cm
6601
6
6
6
60
6
632
68th
60mph
6
6mpg
6l
6
6
6l
6
6
65kw
6
6
60
6
6
647
6l
64hp
6th
6ft
66
66
63
6
62nd
600mm
600mm
600mm
600
600
600
600mm
600mm
600mm
600mm
600mm
600mm
600mm
600mm
600
600
600mm
600mm
600mm
600mm
600mm
600mm
600mm
600
617
600
620
600
600
600
600
600
600
600
600
600
600
600
600
600
6000
6006
600
6007
6008
600
6010
6011
600
6012
6017
600
6012
6017
6018
6022
600
6013
6022
6023
6027
600
6023
6027
6028
6032
600
6028
6032
6033
6036
600
6033
6036
600
600
600
600
600
600
600
600
600
600
600
6219
600
6223
600
6951
600
6952
600
600
600
600
6
62
6
63755e
6
63194e
6
63194
6
6
6l
6
6
60
6
6
65
64
6
65
6
65
6
69
64
68
607
6
6mi
68mi
6
60319w
6
6
6ft
6
650
6
6286n
6286
6
6417w
64
64
6km
6
6
65
6
6
64
65
647
6
65
617n
617
6mi
6
6
6
6
6
6
6
616
61
60
62
62
6th
60th
61st
62nd
63rd
64th
65th
66th
67th
68th
69th
6
63
6
65
6
6
64
65
6
64
630
6mi
616667n
616667
6836s
6213e
68
6s
62
68
6
62
6836s
6213e
68
6s
62
68
6
62
60km
6
6
6
6
60
69
63
6
68
62
6
6
6
6
6
68
64
6
6
6
6
6
6
6
60
6
6
6
6
6
6
66
66
66
66
66
66
66
66
66
66
66
66
66
66
66
66
66
66
66
66
66
66
66
66
6
66
66
66
66
66
66
66
66
66
66
66
66
66
66
68
68
62
60
68
64
61
6
6
6
6915028n
6915028
6
68
6
6
61
62
63
64
65
66
67
68
69
66
6
6
6484
6
6
6
6
6
6
6
6
6
6
6
6
6
65ft
6
6
6
60
69
66
61
6
68
66
681
62
643
66
681
60
6
65
60
64
65
65
65
6
6
6
600
683
6
65mi
6
6
6
6
6
6
6
6
622
6
6
632
638
622
622
623
622
6944
6944
6m
6
65
6
6
69
6
6
65
6
64
65
6
65
6
6
687
660
627
626
68
665
600
6
635
640
6
6
690619w
690619
6
6
6
6
69
64
6
6
67
69
65
63
6
6
69
69
60
69
6pts
6
6
6
6
6
63
622
68
63
64km
6
6
6
600th
600th
6
6
6
6
6
6
6
63
60s
6
62n
6
6
6
6
6
67
6
60
6
69
69
66
60
6
6e
6
64556w
64556
6
63
63
612
63
63
6
6
6
6
60
60
61
60
62
63
64
60
65
6
6
6
6
600cossacks
6
6
6
6mi
61mi
6
60
6
6
6
6
6
6
62
60
6
6
6
616
640km
6
64
64
64
6
6
6
6000
6
6
608
62mi
60
60
6
650
600
65
6
6
6
6
683
6th
650
6
61012
6
6
61
69
65
6
6
6
6
6
633e
633
60
6
6
65
6
62
65083e
65083
6
60th
60
6
6n
6
685
63
6
668
6
6km
6
6
6
6
6
6224
6
6
6
6
60
660811w
66
66
6f
624
6
6
6
6mi
6
6
6th
6
6
6
6
65
6
66
6
641
67
6
6
6
6
683
6th
6
69
69
69
69
69
69
69
69
69
69
61833n
61833
630
630
630
6
6
6
6
6
6
6
6
60
6
6
6
6mi
6
6bridie
6
6301
614
6801
6
6
60
6
6
658
6
6
65
6
6
6
6
6
6
6
6
602
6square
69
602
62
6
65
60
64
65
65
687
6
6
6
60
6
60
6
6
6
6
6mg
6
6
6
6
6
6km
6
64
6
6
6001
6km
6041l
6041l
6001
6040
6041l
6140l
600
600
6
6
6
6
6
670
670
67
690
68583n
68583
6
6km2
62
6
65
64
65
633e
633
6
62
641
6
6
62306n
62306
615n
615
6
6th
6th
6th
6th
6th
6th
60
60mi
61
60
61
6
65
6
61
6
6
6
64
65
6
65
6
6
6
6775n
6775
610
6
6
6
6
67
6
6
669
65
62
65
6
64
65
65
6
6
64
6
65
64
65
60
65
63
65
6
61
68
68
68
6961
6
69
60
61
63
6121
64
65
6
6e
6
6
6
6
670127n
670127
6
6
60
6
6
61
6
62778n
62778
65g
6g
6z
6
6
6
6
6
6
6
6
688
64
6
6
6
6
6
6
62mi
6
6th
6
61mi
6
60
6
612
60
62
6
66
600
62
6
61
6
6
67
6
6
686
600
6
6
6
6
6
60
61
6
61
63
6
6
6
655
60
6
600
6
6
6
6
6
6
6
6
6
6
6374306n
6374306
6
6
6a
6
6
6
6
6km2
6
600
601
63
6cuin
600
601
600cc
62mph
6
6
600cc
61cuin
600
60km
600
600
601
601
601
601
653lb
600
601
6
6
6
6
6th
6
6
600
69
60
627
662
646
6
671
6ft
60kw
6
6778n
6778
6
621
621
664
60p
653
67
65
6
6
65
6
64
65
6
6003
6
6
60
69
6
62
64
62
61
6
62
6
6km2
694
61
624
621
692
67
61
6
65
6
64
65
60
611
65
6
6
6
67
67
66
6
60
61
63
65
66
621
64
621
6
6
61
6
65
64
65
65
64258
64
64
62nd
610ft
622
69
6
64e
6
60s
6
6
6
6
6
6
600
6
6
6
6
6
6866
68
6
6
6
6
66
6
626
65
60
6
6
6ft1in
66
640km2
640km2
640
640
60
6
62e
62
6
6
6
627
6
6
6
6
69
6
600km
6
66mm
6in
650
64th
61st
61st
6
6
60
6
6
61m
67
6
6th
6
63
6
60
6
61
68
60th
6
61
62nd
6th
66
6
6
64
67
696ad
696
663
647w
647
64
60
6th
6
69
621443n
64002w
62
6
66722w
62
6
66722
6
6
6
60kg
6
60
6
6
6
6
6
6
6
6
64
6827n
6827
6km
6
680m
6
62
62miles
69
6miles
68
6
60
6
6
6
6
60w
650f
6
60
6
666667n
666667
666781
6km
65
61
6
64
65
61
6
65
6
60n
60e
60
60
6
64556e
64556
6km
6
6km
61
63
66
6
63
6
6
6
646w
6
6
60
636
60s
61st
6
619
680
6
64
619
6
6
6
64
640
6km2
6th
6
6000
6000
6
600
67
6
6
66mi
6
6
6
6km
6
61
62
61
6
65
6
6
6
64
65
6
65
6
6
6
6
6
600900
6
6
6
601
6b
6
60th
60th
60th
6
65
6
6580944w
6580944
6km
6
6
60
61
62
63
64
65
66
67
68
6
6
6
600
6
62
6th
65
68
6km
6
6
600
6
64
60s
612w
612
6
645m
6
6
6
6
610m
603m
630
699km
62
6
6
6
6
6
6
6
6
6
6
643200e
64
64
63
63
62
6
6
6
6
6
6
6
6
60
6
6
6
63km
65ha
60
60
64648w
6
6
600
6
643
60
65
6
64
65
654
65
6
67
68
6
617w
617
65
643133w
64
64
600
600
66
6
6
6
61694n
61694
6
6km
69
652
683
6
62
67
65
64
65
65
647
600
6
660kw
6
600
6
6
6
683
69
64
60
60
6
6
600
6
600
6
652
652
6
65
6
64
65
6
65
6
60kw
6
6
6
6
6
6
60
6
6
66e
66e
6
6
6
6500n
6500
615
615
648
68
6
66
648
65
6
6
6
64
65
625
65
6
6
653
65
61642km2
6
61st
6
60
61
62
63
64
65
66
67
68
69
6
60
6
6
6
625
6
6
6
6
6
6
60
61
62
63
64
65
6
6761e
6761
6
6
6
6
65
6
6
6
60
6062
6
6
6
63
6in
6
650
6
6
6th
6
6
60
60
60
6000
6
6mi
69
65
63
6200rpm
6
60
6inches
600
66
62
600
6
62
6
60
66
60
66
60
67
6
600
60
6
69
68
65
64
65
6
65
6a
6a
6th
650
6
6
6
6
6
6
6
6
6
65
6
61
66
669
6
6
6
6th
6
6
6
695n
695
6
6
6
695n
695
627s
62
62
6
6
6km
6
6
6
6
6
6
6
6
6th
6
6
6
6
6
6
6
6cm
61
640
6cm
6
6
6
6
60
6
6
6
6
6
6
6
6
6
6
6
6
6
6
620
6
6
6
6
6
6
62
62
6
6
6584
6
6
60m
6
65
60
6
6
65
6908e
6908
6
6
68
65
64
65
65
675434w
64111n
67
64111
67
6
6n
6
6
6
6
6
6
63
6
600
600
6
6
6156n
6156
6
6
60
66
6
6
600
6706e
6706
6
6
6
6
6
6
68
6
6
68
68
6th
65
6
6th
60
6
6
600
6
6
6
6
6
66
6km
6
6
67
6
6
65
66
6
6
64
6
65
6
646
6
6
65
650
69
611
659
615
60
6
6
6km2
65
6
64
65
6
64
6
6
6
6
6x6
60
62
62
60
60mm
60
60mm
61
62
6
61
6
600
6
69008
64150
62
6
6
64
675
60
6
6
6
60833n
60833
6
600
614959n
61
61
6
6
6
6
60s
6
6
6
6
6
66
60
64
6
60
60
64
6
6
6
608
600
650
64
6
6
6km2
65
6
6
64
6
65
6
6
62
65
6
600
60hp
6
6
67
6
69m
6
6
6
6
6
64
6
64
6
6
6th
6
6
6
600
66
600
6
6
600
650
650
6
6
69222n
69222
692095
6
68
65
62
64
65
6
667
625
60
6
68944e
68944
63
6
63
63
69
69
61
69
68
67
64
64
66
6
64km
6
66045w
66045
650
6
6
6
6
6
633
6
6
6
6
64
64
6
6
610wip
6
6
6
63
6
6km
6
66sqmi
605w
605
6
61
60611n
60611
6
63km
6
6
671
600
6
6km
6
64297w
64297
6
6
6
6
6
633n
633
69
6634s
66
66
6634s
66
66
61026w
6
6
6
6
638
6
65
6
6
6
6
6
60
6
6
6
650
6
6080
675
626
69
68
69
6
6
6
6
6
6
6
6
6
6
6
6
6
68
6th
600km
6
6
600km
65
6
6
69
6
64
6
6600
6600
6th
6th
6
6
6
6
6
66389w
66389
663825
6
65
64
65
65
64to
60
65
6
6
6
640
6
667
6
6554n
65
65
6
6
6
6946
6
6
6
6
666
6
6
6
60
6
60
6
6
67
6
6
60km
650
69
6
6
65
64
69
64
65
6
62
60
65
68
64
65
6
64
6
6
61
63525n
63525
6
6th
6
6
6
6
6mi
6
6
6
6
6
6
613
6
600
6th
60
60pts
6
6
6
685
60
61
62
63
64
65
66
67
68
69
665
6
66
610
6
60
61
62
60
61
62
64
6
6
6
650m2
6
6
62
612w
612
6
627
682
6
6
643mph
677mph
6km
6
6
68
62
60
6
6
6
65
64
65
6
600
625
674
6
65
62
61
6
65
64
65
6
6
6
6
66
6
6mi
6
6
61501w
6
6
6
6
6
6
6
6th
6
6
60mm
655
6
6
6
6
6
6
6km
6km
6
6
6
62
6
6
63917e
63917
6
6425
6093
6
6
6
6
60
61
62
63
64
65
66
64
67
68
69
6
6
6
62
6
6
6
6
6
6
6
642km
6
62
6
6
6
6
6
6
6
6th
64e
6
6
65
6
64
65
66
623
65
6
6
60n
60e
6th
6
6
69
64
6
6
65
64
64
65
6
65
6
6
6
64
6
66
6
6
6
6
610mm
6
6
6
68km
6
6
6
60km
683
67
62
6
6
6
6sqmi
6
6
6
6
6
600ft
6
6
6
6500n
6500
6
6
6
6
641
6km
6km
6
63
6
6
65
64
65
65
6
629
684
6535n
65
65
60778w
60778
6
682
6
6012n
60
60
6
6
64
60
60
60
6
6
6
6
6
61
6e
6coordinates
6e
6
65
6560722n
6560722
6
64
62d
63d
64th
68th
60th
61st
62d
64th
6
62448
62448
62448
64k
600
6
61
6
6
6th
6
6th
63
6061
6061t6
690
61306w
61306
6
6
6
663656
66
61565w
66
61565
6115n
61
61
6
67
64
6
6
6
675w
675
64
6
6
6
6
6
6
6
6
6
6mi
6
625
640
641
642
643
60
6
6
69th
6
6
6grams
6
6
6
6
6
6
68k
6
68k
68k
6
6
6
6
608
6
6bs
6
6
6mi
624
6
6
6
62349e
6
6
6
6
6km
6
6km2
620
64
6
6am
6
6
6
650
6
6
600
600
6
6
65
60
6
6
67sqmi
65648n
65648
60km
60364n
60
60111n
60
60111
60km
63km2
6
6th
6
6
6
6
6
693966n
662894e
693966
662894
600
6
6
6
6
6
681700w
68
68
632816n
63
63
6
6km
6
663
6am
6am
6am
656
670
642
646
660
642
646
670
6
6
6
6
6
6
60
6
650
62
68
6
6
65
6
6
64
65
6
65
615953
6265222n
61
6265222
61
6
63km2
65n
65
6
6km
6
61
60
6
6
6
6
6
600
60
687w
687
6
6
64
6
6
63
6
65
64
66
64
6
6
6
6
6
6
65s
630
6
62mi
66
65
603321n
60
60
6
6
600
600
6th
6
6
600kw
6
6
62
62
62
6
6
6
6
6
6
61
65
64
65
6
65
62056w
62056
6
68kg
64
6s
6
6s
6
600
600
6
6
6
650
64
6km
6
610
632
600
60
61
62
63
64
65
66
67
68
6
6
6
6
6
6mi
6mi
6
6
6
6
6
6
6
6
6
6
6
648124n
648124
6th
6083w
6083
6
65
6
6
6
64
61
6
64
60
6
61517w
6
6
60
6
6
6
6
6
60
6
6
6
62996
6
6
6
6
6
60
61
62
63
64
65
66
67
68
69
65
60
6mi
68mi
600
6
6
600
6
63km
6th
695818
69
69
61
64
643
610
6
6
6
6
67nm
6
6a
6b
6d
6
6
6
69
6
6
61
6
65
60
64
65
65
684
60
6
60
6
65
6
65
61
693
67
62
63
65
64
65
682
666
60
60
65
61671
6
640
602
602
6
6
66
6
60s
6
6
6
63
69
6
64
60
60
6
600mhz
64mb
600
60
60
6
6
6
6
6
60
64th
6
6th
666
6th
67
6
601
6th
61km
65n
65
680
600
650
67th
65mi
6225n
6225
6
6
60s
68
6
6
640
600
6
6
60e
670577n
670577
6
6
6
60
65km2
600km2
6
66
6
62
62
62
62
62
61
697
6
67th
6d
6
6june
6
6
6
6
60
6775
6
6
6a
6
650
6
66
6
6
6
600024
6
60
60
6
60
6
6th
60
6th
6347w
6347
6
6
6km
6
6
6
6
6
64
64
64
64
64
64
64
6
65536
65536
64
678
64
64
64
64
64
64
64
64
64
64
64
64
64
64
64
64
64
6
64
63
61
65
6
66
61
66
61
65
66
6
6
60
6
6
60
6
67
65
63
64
65
6
6
6
6
6
6
6
6
62
63
650
65
67mph
6
60
6
65
63
62
61
61
60
6
600
6
61
6
65
6
61
6
6
6
6
6
676
69
69
65
65
64
65
689
65
6
6
6
60
60
60
60
60
60
60
60aa
61
61
61
61
61
6
6
6
6
6
64
61
675
6
66
60
6
65
6
6
61
63
6
6
6e
63444w
63444
6
6
6
6
660
64
6
603n
6
6
6km
6
600
60
6
6
6
6
6
6
6
6
6
6
6
6
68cm
6
664749w
66
66
6th
6
6
6
6km2
6
60
6
6
617s
617
617s
617
6km
6
600cfa
600cfa
61
67
6th
6
650cc
650cc
68mph
6
6
6
6
6
6
6
65
64
64
65
6
6
65
6
6km
6
6
6
6
65
6
64
65
698
6
65
6
6
6
6
6
6
67
6
65
6797e
6797
6
683e
683
63
64
60
63
67
6
6
64
65
64
65
60
6
60
65
6
6
695
6
60
6
6
6
611
6
6
6
6
6
6
6
6
6km
660
600
60
65
62mph
68mph
60mph
62mph
62mph
60km
60km
65
6
6
60
61
62
63
64
66
60s
6
6
6
6
65
64
65
663
6
65
6
6
6pm
6pm
67
6
62
62
6
6
6
6
60
6
6
6
60m
6
6
645
60
6927n
6927
6666667n
66028e
6666667
66028
6
650
6
6
679
6
6
61
6km
6
680312w
68
68
685w
685
6
6
6
6
6am
6
6
6
613
6
60
60
6pm
6inches
6
6
6
625
66
6
608w
608
6
6
6
661s
66
66
661s
66
66
61
62
65km
65km
6
6
6
61
6
6
619
65
67
65
69
68
6
6
6
695
678
65
600
64778n
64778
60
6
64
64
64
683
6
6
6
6
66
6
6
65
6
62
6
6042s
60
60
6042s
60
60
6km
61
68
6
6
6
6
6
6
6
6
6
6
6
642km
6
6
6
6
6
6
6
6
6
608
6th
680
600
6
6
6
67
6
6
6
62
67
63
67
62
62
61
64
62
62
610
63
63
64
64
62
61
61
64
6
67
67
63
62
61
61
62
67
60
63
63
67
67
64
67
64
67
64
64
64
64
64
61
63
64
64
64
63
61
63
62
60
67
62
67
63
64
6th
64
67
64
63
61
64
61
61
64
61
63
67
64
62
63
62
62
62
64
64
62
63
62
62
64
62
61
62
60
64
63
63
61
64
62
64
61
64
67
62
62
64
64
63
63
62
61
61
67
63
64
63
64
64
62
62
63
67
63
63
63
62
67
60
60
61
61
62
63
60
64
60
67
62
63
60
63
6th
63
62
63
64
64
62
62
64
62
64
64
61
67
62
63
64
62
684155n
68
69861n
68
69861
6
6
6
6
6
61778e
61778
6
6
65
6
64
65
65
603
6500
6
6
6
65
6
68
62
6
6
60
64
603559e
603559
600
6
6
6
6
6
6
6
6km
66
6
6
6
6
6
6
6
6
6
6
61972e
61972
67
67
60
6
6
6
6
600
6
6
64
60
63
64
66
646
6
646
6
6
6
6
65
6million
623million
6
6
6
6
63
63
60
60
61
62
63
64
66
67
68
69
63
6
6mi
62km
6
60
6th
6th
612
60163
6
6
68
68
63
65
64
6
65
6
6
692
65
6
6
6
6
67
64
65
60
61
62
63
64
62194n
62194
65
60kpc
6
6
6
6
60
6371
65
6
60
6
6
6
68
69
6
67
6
60
6
6
68ec000
63
6
61
6th
6th
6292028n
6292028
6
6
60
60th
617
617
68
65
6
64
65
605
6
6
65
63
67028w
67028
650
625
6
6
6
6
6
6
6
6
6
657
653
669
631
679
616
672
636
602
668
617
660
668
694
607
617
664
603
667
624
626
627
678
632
648
656
652
650
663
644
642
6
6
6
64th
6
6ft5
6
6
6
6
6
6
6
6128
6502
64kb
64kb
63kb
64kb
64
6
6
6th
611
610
62
6
67
6
610m
6
60mm
6
611
61
66
6
6
6
6
6
6
6
6
65th
65
60
6
60
6
60
6
6
60
6
6
6
6
6th
60
60
61
62
63
64
65
66
67
68
69
683
60
66
628
6
6
6
6
6
6
692
65
64
6
6th
6th10th
6
6
6
6
6
6h2
6
6h2
675
689513e
689513
6
6
6
6167e
6167
654
662
6939
69
6th
6th
6
6
6
6
6
6
6
600564n
600564
6
60
600
62
6
60
68
6
6
6
6
6
6g4
6
6
6
65
6
64
65
694
65
637s
637
686
6
6
6
6
6
60
6
6
6
61
61
63
6
6
60
660mm
6
6
634154s
63
69833s
63
69833
6
6
6
6
62
6
65
64
65
661
6
65
64389n
65083w
64389
65083
6
6
65
6
60
61
62
63
64
65
66
67
68
69
61
6
6inch
6
60
6
6th
6th
6
6
6
6
6
6
6
65m
666
6
6
6
6
6
6
6
63
60
63
6
600
6
6
6
6
6
6
65
60
62889w
62889
628964
6
6km2
65
64
65
6
65
604
64
64
65th
633
6th
62
63
62
63
64
64
63
6
6
68mi
600bp
6
65
60c
67
6
60n
619
60th
6
6
6
6
6
6
6
6
6
6th
6
6
6
6
6in
6feet
6inches
6
6
6
65
6
60
63
60
6
64
64
61
6
60
64
6
6
64km
6
6
60863n
60863
6
6pm
6
67
6
6
6
670km2
666
64
673
640
6
6
6
6
6
647
647
640
60
61
62
63
64
65
66
6th
6th
6
6
6
6
6
6
61505e
6
6
6
600
61km2
62sqmi
6
6
64
64
65
6
626
636t
64
6
6001
6
624
6
69
600
601
602
603
604
605
606
607
608
609
610
611
612
613
614
615
616
617
618
619
620
621
622
623
624
625
626
627
628
629
630
631
632
633
634
635
636
637
638
639
640
641
642
643
644
645
646
647
648
649
650
651
652
653
654
655
656
657
658
659
660
661
662
663
664
665
666
667
668
669
670
671
672
673
674
675
676
677
678
679
680
681
682
683
63
60
60
6
6
65
6
64
65
6
6
65
6
6
6
6
60
6
6
6th
6
6
6
6
6
6
6
68
6
6
6
6
6
6
6
6th
61
69
68n
68
6
6
683n
683
6
66
6
62
63
62
67
60
648
66
63
673
674th
60
60
61
62
6
62
6
6
6
6
6
6
6
600
6912214n
6912214
654
6
6
6
6
6th
62mi
6mi
65
6800
6
6
6
6mi
6
6
6
60
6
6
6
6
6
6
6
601654n
60
60
6
6
6inches
6
64
6
619
6
60
6th
679
6
6
62
68
679
69
6
67
6th
6
6
6
63
6
6
600rs
600s
600s
600
60
68
6742e
6742
6
62
6
65
6
6
6th
6
6th
6th
6
6963222n
6963222
6122n
6122
69km
6
6
6
60
69
6
61
6
6
6
6
6
6
6
6
65
6
6
6
6
6
6
6
6
68
6
6th
66th
625
600
6
60
6
6
6
6
6
6
6
6
6
60
60
6
66
6
66
6
635
688s
688
6
60
6
6sqmi
6
6
6
68
65
64
6
65
68
65
6
677
638
667n
667
6
6
61102e
6
6
6km
61
6307
60lb
6
6th
600
600
677
685
6
600mi
6
6
6
691
6
6
6
6
600lb
68
6
600
62million
69
600
6111
621
623
631
632
6
6
6
6
64
64
6
6
6
64
6
6
6
6
6
6
6km
62883
6
6
6
60
61
6
6
6
6
60
61
62
63
64
65
60th
66
67
68
69
69
6
64
6
62km
6
6333n
6333
6
65m
6918
66
65km2
60s
6
6
6810s
6854w
68
68
68
68
60mi
6
6
6
6
6
6
6n
6
6
6
6
6
6
6
695
63
68
6
61
6
600
65
6
6
60
6
6
687
68
65
6
6
6
6
6
6
600
663212n
663212
6
6
632
6
6
6
6
6
6
6
64333e
64333
6
68
6
60
6
6
6
6
65
600
66
6
600
68
6
688
6
65
6
65
6
667w
667
66
60km
6
6
6
6
66
69
6
6
62nd
6th
6
6
6
6
6
6
6
6594
6
6
652
6
60
6
6
60
6
6
6
605
62917n
62917
629252
605
62
6
65
67
64
65
6
6
65
60
6
6
6
6
6
6
6
6
6
6
6
6ft
6mi
6
6
661
632
6th
6
6
6
6
6
6
6
6
6
60
60
6
6600
6
660
6
6
61
68
617n
65e
617
65
6
6c
600
6
6
601
69417w
69417
6
64
64
63
6
6
60
6th
6
61st
6
625
6
67
621
6
6
6
6
60
6
6
6
633
6324n
63
617e
63
617
6mi
65mi
6
6
6
6
6
6
6
6
6
6
6
660km
6th
6
660
6
6
60s
6
6
6am
6
6
6
6
64888n
64888
64888
6mi2
648
6
601
65
64
65
667
6
65
60
64
64km
6
6
693
6
6
6939s
69
65s
69
65
6939s
69
65s
69
65
6
6
6
6
60th
64
62
631
636
614
6
6
65
64
65
628
65
6
66372
66
6173167w
66
6173167
6
62630w
6
6
648km
6
616mi
6
6
6
6
6
6
6
6
6m
600
600
6
6
6
6
6
6
69th
60
60
60
60
60
60
60
60
60
60
60
6
6
60
61
62
61
63
64
65
6
66
6
6
6
6
6
6
6
6
655n
655
655085
62km2
61km2
66
69
60
6
65
64
65
669
6
6
65
600
6
6
6mi
6th
6
6th
6th
6
60
65
68417n
68417
684191
6
63
6
6
65
63
6
64
6
65
6
6
65
684191n
684191
6
6
6
6
6
600
6
6
60
6
6
6
6
636
6
64
64
64
6
60
60mio
6
6
6
60
62ft
64f
62ft
6683639n
6505028e
6683639
6505028
6
6
6
6
662
6
6
60
68
60
61
62
60
62
62
63
64
65
66
67
6
612th
613th
614th
613th
612th
614th
612th
614th
612th
614th
612th
614th
614th
614th
6
6
6
6
6
6th
60
66
68
6
6
6
600
6
65
60
61
62
67
68
69
6
6
6
6
6
689536n
689536
6m
62
6th
6
65
65
6
6th
6
6
619w
6
6
62
62
6
600
6096n
6096
62
6
6
6
6
6
6
62
60
69
65
6
65
6
6
64
65
667
625
65
6
6
6
6
6
62e
66
60n
607944n
633625w
607944
633625
6
621
610
681
61
6
65
6
64
65
6
643
6
65
63611w
63611
6
6th
6
62
688
6
6
6
6
6
6
6
6
6
6
6
6
6
6
6
6th
6
6
6
6
6
69389s
69389
62yard
64
6
6
6
6
6544s
6511w
65
65
65
65
6544s
6511w
65
65
65
65
6400
6
6400
6
6524w
65
65
6
600
6
6km
67
6
6
65
64
65
6
6
65
6
6
6
64
63
6
6
6
6
6
6
6
6
6
6
61
64
62
64
67
67
65
64
62
67
64
64
64
67
6000
6
6
6
6
6
6
600
6th
66
6
6
6
6
64
6
6
6
6
6616s
6717w
66
67
66
67
6616s
6717w
66
67
66
67
65
6
6
6cm
6
6
64
6
6
600
6
6
6
6
67
60
60
6
6
60mph
6
6
6
6
6
6b
6
6
6
6
600
6
6
6
6
68
64
63
6
6
62795
60
6
69
6
6
65
6
6
64
65
6
65
6th
6
6
6
6th
6
6th
6km
69
6
600
60
6
6
6
6
6
6
6
6
62
6
6
6
62
60
61
62
63
64
610
65
66
67
68
69
642n
642
6
6
6mi
69
678
678
62
6
68th
69th
6
6
6
6
6
6
686
6
6
6
61
69
6
65
68
64
65
6
6
6
65
6
6
62
6
64
64
6
6
6
6
6
6
65
6740s
67
667s
67
667
6740s
600
6
65
6
60th
6m
68feet
6
6
6
600
6
654030w
65
675w
65
675
666667n
666667
666789
669
65
69
65
64
65
6
65
6
60s
6
6
6
69
6
6814w
6814
6
6915389s
6915389
6
6
6
600
650759s
640000w
65
64
65
64
6
6696n
6696
69e
651
651
6
650
683
69
68
65
6
64
65
6
65
6
67
67018
6
62472e
62472
69
6
6
63
6
6
6
623
6
6
6
6
6
6
6
60
66e
6
6734
6
6
60
61
62
63
64
65
66
67
68
69
6km
68
6
63
6
6473w
6473
65
6
6
65km
65km
6
643
6
64km
6
6pm
6
6th
67889s
67889
6th
600
6th
6
6
6
6
6
63884w
63884
6e
6
644767w
644767
69
60
64
64
60
67
6
6
68
6
6
6
6km
6989n
6989
61st
6km
6
66
6
60
61
62
63
600
64
65
66
67
68
67
69
6
66
633
67
66
6
64
65
6
64
65
696
65
67
6
64
6
64
65
6
6
6
6
6
673
6
6
69
6f
600hours
6
6
6
6
600
63
61
66
61
6
6e
63
64
63
642
6
6
600
6inches
65
64
6
6
6
6
6
689219
6km2
69
683
6
65
64
65
65
600
667mhz
667mhz
677mhz
667mhz
667mhz
6
6
6
6
6
6
6
6
6
6
6
6
6
600ft
6127n
61
61
6
6
650
67km
60
6
6333n
6333
6
6
633424w
62194n
63
62194
63
6
6
6
69ft
69feet
66
6
6th
602151n
60
60
6th
6
