9
9
9
9
9
9
912
9
9
9
9
9th
9
925
9
9
93km
9
9
9
9
979
978
94
9
977
906
9
90
991
9
919
9
9
9
9
963
9
9
90
9th
9c
930mm
90
9
9
93
9
9th
93n
93
921
9
970
9
970
90m
9
9
9
9
9
9
964612w
96
96
9
95
92nd
9
9201v
9201t
9280
94417n
94417
91
902
98
92
9
90
931653w
93
93
979
917
9
98
90
9
9
97
92
9
90
9
98
9th
9
914
993
9th
9
98
94
9
9
9
9
9m
9m
9
9
9
9kn
900mi
96
92
900m
936fps
9
9in
9
9
9
95
97583w
97583
9
9
9
99
98
98
99
99
9
9
90m
9m
9
9
9
9
94
9
9
9
9
9
9
9
9
990
98c
9
98
9
9
91y
90y
90y
90
90585
99km
9
98
9
9
9
93
9
9
9
99
99
99
90
99
9
99
90
90
99
99
99
90
99
99
98
99
99
9
99
99
99
99
9
970
93
9
9
96
92
9
9
9
95hp
95hp
90hp
9a
9c
9p
91n
91
97639n
99472e
97639
99472
93
9
9
906km
9
96
9
9
9
9
93
9
9
9
9
9
9
9
9
9
9
9
9
9
9
9
99
92
9
9
9
9
9
9
92
9
9
9
9
91st
90
9
9
9514e
9514
9
9
9
99
9
9
900m2
92n
9
98
910cm
9026e
90
90
9000
92s
92
9km
9605908
986625n
986625
9
90
99344w
99344
90
9
95644w
95644
93038
93038
940e
917n
94e
917
94
90km2
97
98
903
992
9mi
9
9
9
9781906838126
96
970
9
9
9
960
9
9
939
918
9
939
9
9
91
978
9
9
9km
95
9
9
977
900
9
9
9
9
9
96
9
9
9
93
9
9
91
91
9
9
9
96
92
9
9
9167n
9167
9
92778n
92778
9
9
9
9
986214
9862150
900
9
91
9
92nd
900
93km2
93
96
9
97km
9
900m2
9
97
974
9m
99m
9
90
9
9
9
9
9december
9
9
904131
9
9
9
910
90
9
9
9
907
9mi
9
900
9
9
9
9
90
9
993
993
993
993
993
993
993
993
993
993
993
97006n
97006
98
9
90
9
9
9
9
9044n
9044
926
970
965
90000143
98
9
9
9
90
914m
9n
9
9
9th
9
90
9
9
9
9953
93
93
9
9
9kg
9
9
9
9
93
97
9
9
90
9
9
9
96
90
9
9528694n
9528694
9
9
9
9
9
9
9
952545w
95
95
94
9
9
9
9
9
9
95
94
9
9
9th
9
910
9
95
96
9
9
95n
9176611e
9176611
94
99
9
9
95
95
9
9
9
95th
9
9
917s
917
917s
917
9
95
9
9
99
99
9
99
9
9
9
9
9
9
9
93
91
9
96
9608w
9608
9
9
9
9
9
922
97
9
9
9
90
9
9
9
9
918
9
9
9
9th
9
970
98
98
98
9
9
9
9
90
9
9
9
9
90
92
9564
9
9th
9
92
98
9
9
951
9
9
98
90sqmi
9414907029
9460014397
9
9
92556n
92556
925492
94
93
96
909
9
9
9
9th
9th
99
95
95
9
9
90
953239w
95
95
9
95
9
909
9
9
944637n
944637
9
9
90
961
932
96
91
9
938
949
9
9
99
9
9
9
97
9
9
9
9
91
951
9
9
9063083n
9063083
9
92
983n
983
9
983e
983
9
9
97
93
99
99
90
9
91
91
91
9th
91
91
91
91
99
9
91
99fm
99
9
9fm
9
9n
9
9
9
9978n
9978
9
93w
9
9
9
9
9
9
9
9
9
9
9
99958e
99958
9
94
9th
9
900mm
9
9000
91443e
9
9
952236n
952236
90
9
90
9th
90
9
9
9
9
928n
928
9km2
9
9
9
90
90
9
94
90
9
91
90
9
9
900
9
9
967e
967
9
98
973
9
920
94
920
94
94
920
94
9
9
9
91083n
91083
98
9km
9
9
9
978
9
9
9
9
96
9
975
9
97
91
9
9
9
90
91
92
93
94
95
96
98
96
95694e
95694
9625w
9625
995
995
995
955
9
995
9
9
9
993
9
90
9
911
95
91
9
9
9
9
9
9
9
99
9
9
9
9
97
9
97
965015w
96
96
96
991
96
95
98
94
9
980ft
900c
9
9
9km2
9
97
9
9
95
9
9
924
9
971
91mi
9
96
9
9
9
9
900ft
90million
91m
9
9
9
96
9
9
9
9
91
9
9
91st
92d
93d
94th
95th
96th
97th
9th
99
95
9
9
9
9
9
9
9
9
9
98
954
9
9
9
9
9
9
9
95
9
999
9
9
983s
983
9
9
9
9
9
9
9
9
9
92472s
92472
90
95
9
9
9
9
9
9th
933333n
933333
9
98
920
96
9
9
9th
9th
9th
9
9
90
9
978361n
978361
9
990
9
90
948817
978
948817
9
9
91
9
90
93f
93f
9
9
92
9
9
9
9
92
9
90
91
92
93
94
95
96
97
98
99
9
93
90
9
9
9
9
9
96
96
94
9
91
908
9
9673941
9
917
93
93
9
99
9
9
9
9
90
9
9
950
90
9
905249w
90
90
90
98
9
9
9
93
917
965
907
90
900
9
945509w
94
9191w
94
9191
9
9678e
9678
9
9
9
9km
9
90
91
92
93
94
95
96
97
98
99
983
9
983
9
9
99
9
90
9
964
9
90
900
940kw
9in
9km
9333e
9333
9
95
9
9th
90
9492e
9492
9167e
9167
9
90
91
92
93
94
95
96
97
98
99
9
9
9
91
949
92
994e
994
98
9
9
97431e
97431
90
9
9
9
9
9
90
927
9
9
9cm
9
9
95639e
95639
90
9
9
90
9
9
9
90
9
96km2
98
98000989
981500w
981500
90
97667e
97667
93
9
9
9
94
94
95
953
9
92
9
997
99
971
968
9
9million
95
9
9
9
9
90
9806n
9806
9
9
9
9
9square
9
90
91
9
9
982
984
9
9
95
90
90
90
900
90
923
982
9
9
92r
9
9
9
9
9
9
96
9
9
9
9
9
97km
9
9
9
9th
901
9172n
9172
9
9
93790n
93790
954033w
954033
9
9
90s
9
9
929
9
9
99
9
90
9
9
90
9km
9
9
9th
9
95
90
9e
9
9
9mi
9
90
9339n
9339
9
9
9
92
98
98
95
97
95
9
9
9
9
90
90
9
9
9
90
92
9
9
9
9
99
9
9
9
9
9
93749ft
99
9
96
9
9
90
90
9
9
9million
90
98
95
99
9
90
95
9
9
96
91
9
9
90
96
97
9
912
934
9
92
938
9
934
9
914
9
9
9
9
97s
9
94
94
9
9th
9
9
9
9
9
90
94km2
9
93km2
919
9
9
97
919
99
9
9
9
9
97
917
918
935
9
9124e
9124
9
912
94
9
95
9
9
9832964w
9832964
9
9
9
9
9
9
9
9
90
91
91
91
92
92
93
94
95
95
96
97
98
99
9km2
9
9
9
9
9
9
9
9
900
9
9
9
934e
9
9
934e
9
9
990
98
90
9
96
95
90
9
99
9
9
9
990
990
902
901
930
911
9
926
9
9
94
918
9
96
9
9769e
9769
900
9
9000
9
9
9
9
9
9
9
9
9
9
9th
9th
9
9
90
91
91
92
93
93
91
93
94
95
93
9th
9th
96
97
96
98
98
99
95
9
984
90
9634n
9634
9
9
901447
94
9
9th
95
9
96
95
9
95
9
95
9
95
9
90s
95
9
95
9
92
95
9
95
9
95
9
95
9
95
9
93
96
9
9
9
9pm
9th
9
9
9
9km
9
90
9
95
9
99278w
99278
9
9
9987
901km
90
9
9d
9
9
9
9
9
945
9001
9001
9001
9
9
962km2
91
90s
9c
9
9
9
9
990
9
9
9
9
9
9
9
9
9
9
9
9
9
9
96
952
922
973
965
919
94
94
9
9
9
9
911
9
9
92
92
93
95
99
9
99
93
97
93
99
94
99
9
99p
99
99
9
9th
99
9
90
9e
9coordinates
9e
9
9
9
9
9927n
9927
9
9
90
9
92
92
936
9mi
9
9
94
9
920
984
94
9
9
9
9
90
93
93
9374389n
9374389
9
91km
95km
97
90
9
9
9
9
99
99
99cm
93
9
9
90
90s
9
99
94
9
9
90
925nm
9
9
9
978
9
9
9
9
9mi
9425e
9425
9p1
95
967e
967coordinates
967e
967
9
9th
9
949
9
9
9
9
9
9
9
9
900
9
9km
966
9
9
95
99
9
98
93
9
9
9
9
9410
9mi
9
9
9
9
9
90
9
9
943
9
9
960
961055w
96
96
9
9
9
9
9
9
96
9
9
9
9
9mi
9
9
9
968
9
9
99
98
98
9
99th
90
916
9
92ft
9
9
9
9
9
906
93
98
93
98
97
9
9
9
9
9mi
977
9
959
9
9
9
9
987
9
96
90
9
94
9
98
96
9
9
94
9
9
9
967n
967
9
9
9
9mi
9
9
9
990
90
9
926w
926
98
96
9
9
9918n
9918
989cc
9mph
990cc
990cc
9
9
990cc
97341e
97341
995
9
900
900ft
9065s
9065
9
9th
9
9
9
9th
9
91
9
9
9mi
9
9
916
9
9
958335n
958335
9
90
98
9
90
9
9
9
99
9
9
9
9d8ec6b36c
90s
9
9
9
93rd
93rd
93rd
95th
9
93
94073n
98592w
94073
98592
9
9
9
94971n
94971
9
9
9
90
91
92
93
94
95
96
97
97
97
90
9644w
96
96
9km
9
91m
95kg
95km
9
9
9
93
9
9
98
9
9
97
9
9
9
9
90
9
95n
97139e
97139
912
916
9
97
9
9
9
99
9
9
99
9th
9th
9
9
9
9
97km
915
931kg
92kw
9
9
9
9
95km
948km
900
901
910
953
962
930
93
941
99
9
97
9
9
9
907
907
9
93
9
9736e
9736
9
93
98
9
9
9
9mi
900
9
9
9
9
9ft
938km
967n
967
9th
90th
91st
92nd
93rd
94th
95th
96th
97th
98th
99th
914ad
9
925
93589w
93
96917w
93
96917
93
969278
98
9
9
9000
9
9
9
9
9
9
9
9
9
9
9
9
9
9gb
9
92mm
9
99
92
90583n
90583
9
9
9
9
94
9
92
9
92
9371
9
9
9
9
9
99
9
994w
994
900
9
9
90s
90
92n
92
9ft
9
93
98
99
91081
9
9
9
9
9
9
9
91
9
9
9
99
992x19
992x7
9
97
9
93
98
9
9
936973
968
9th
9
967
9
93
928
948
900
989
95
9th
9
97t
936578w
936578
9
9mm
960km
9043w
90n
90
90
90
9046w
90
90
9032w
90
90
9
9
98
93
96
9
96
9
9pts
93
94
94
9pts
92
94944n
94944
9437969
9
9
9
98
9
9
90
9
9
9
9
9
96mi
9th
9
94
9
990
95
930
9
9
9
9
98km
9
9
9
9
94
906
9km
9
9
9
9
960
99
99
96
92
94
9x
97927
9
9
9
9
9
91st
920
91st
9
9
9
9
98
955
9
9
9
9
9th
9
9
9
9
90
948
900
9
91
9
91
98
98
9
92278e
92278
9
9
9
90
92
92
9
9
9
97
96th
96th
9
9
90
98583w
98583
9
9
9
9
975
905
917
933
940
944
948
964
900
975
9n
9
92
9kathleen
92
9
91301s
9
9
944
900
9
9
96
92
9km
98
9
9
96
9
9
98
92
978
90
90
90
9
9
9
9mph
9
9mph
9
9
92364n
92364
9
93
99
9
95
9
9
9
92611n
92611
9
9e
9
9th
9th
91st
92nd
93rd
94th
95th
96th
9th
9th
9th
90
9
9mi
96km
967n
967
9
9square
9km2
9
9
99
9
91
9
944
944
9mi
9
9mw
9
9
90972e
90972
9in
9
9in
904265
978
905437
9
918
942it
986
987
9
994
929
9
994
9
9
9
9
9
95
98km2
9
974
9
96
96
90
90
90
97
95
9
9
9
9834
940
9
92472w
92472
9
9
9
9
98
9
90
9z
9
9
9
9
9
9
9
90
90
9
9
918
9
9
99km
9
9
9
9
9
98
95
9
9
9
9
9
9
931651w
9414n
93
9414
93
9mi
9
917s
917
9
9
95
95
9
9million
9
9
9
9
9
9
9
9
9
9th
9346528e
9346528
98
9
9
9
9
98
920
98
9
93mph
9
9
9
963
9th
9
91
9
9
92
912ul
912uls
9
950
90kg
90
99
9
9
9
95
96
90
974
917n
917
9
93
9
90
99
9
96
94
911119w
91
91
9
96
91
9
9
90
9
90
9
930426w
93
93
97
9
9square
90
92
977
9
9
9th
9
9
93km2
9513361s
9513361
9
9
90
9
9
914
914
914
914
99
9
9
91
9
9
931
9mi
983e
983
992e
992
9
9
9
967s
967
967s
967
99944n
99944
99
982
90760n
90760
951
90
9
978
9
9
9
9
9
9
9
90
9
9
9th
90
9
90th
90th
91
99972e
99972
900
90
9th
91
9
9km
983n
983
9
9mi
94b
9th
9
9
92nd
9
9
9
9
9
9
9
914
9
95
9
90
933333n
933333
902
95
961
9
9
9
9
9809769444n
9809769444
942
9
9
90mw
95
9m
959
95e
95
9
9
995people
9
9
9
950
9
90
9
9
9
95167e
95167
951
9
94
951
99
9
96
93
936
9
9
9
90
94
9th
9
9
9
9
9
9
9
99639e
99639
90
91
92
93
94
95
96
97
98
99
9
9
90
900
9
9km
900
9
9th
999
999
999
945
93
9
99
97
94
96
963643w
977n
96
977
96
9
960
95n
95
92
97
9030
99
909km
97
990
97
990sqmi
96
979feet
9
9
9
9
9
9
9
9
9
9
9
9
97
96
98
9
9
9
9
90
9
96
9
9th
9
92
960
95
95
9
930km2
93km2
974
90
90
90
94
90
902
934
9
9
9
9
989
964847w
96
96
96
9square
989
9
9
901
93
9
9
9
9
9
9
9
9m3
90
9
97
98
9
931
97
97
93
94
9
9m
9
9
9
91
940
9
90
9
9
93
96
93
99
9
96
93
92
9
90
97639n
94556w
97639
94556
976378
945497
9
9
9
9
95
9
93
9
91
9
9
9
92
9
99
94
90
92
94
96
98
90
91
92
93
94
95
96
97
98
99
9
98
9575w
9575
9
900
92
93
9042n
9042
92
93
90230
9
9
9
9
90s
9322n
9322
95
9
9
9
9
9
9th
9
95km
910mm
9
96
9
9
94
9
94
95
9
96
9
92111n
92111
98
94bhp
95th
96
90
91
90
9
90
92
93
93
9
9
99
97
9
90
91st
920
91st
90
9
9
9
9
9
9
9
90
9
9
9
9
9
9
9
90
90
9
9906w
9906
911
9
9
9
9303e
9
9
90
95694e
95694
9
9
9
9
9
925
9cm
9
9
9th
9
9
9
9
9
9
9
9
9
9
992e
992
9
933240w
93
93
93
90
95954e
9
9984598e
9
9984598
9
9
99
9
97
9
90
94
90
922
917
90944w
90944
9
90
9
9
95
95
95
95
9
901
95
9
9
9
927361w
927361
990acres
97972e
97972
9
9
9
9
9
9
928
9
9
9459n
9848w
9459
9848
9
9
90th
9
9
91
90
90
92
99
9
9
9
98
9
9
9
9
931808w
93
93
92
9
9
94
958
93
92
93
93
93
92
94mhz
93
93
969w
969
9305n
9305
9
9
99
9
9
9
90
90
90
90
90mm
90
90mm
90
90mm
90
90mm
90mm
90mm
90mm
90s
90s
90
9
9
95
9
971
972
973
974
975
976
984
986
987
988
977
978
98
91
90
93
9
9
93
9
9
9
9
92
9
9
9
9
9
90
9
9
958
91
9
9
900
9
9
99cc
9
9
9
93
9
96
96
96
96
96
96
96
96
96
96
96
96
9
9
9
96
9
99
9
9
9
953305n
919634w
953305
919634
9km
94
9
9
9
98
92
93
95
98
93
97
920
94139n
94139
930
91
92
93t
94t
95t
97t
98t
99t
96t
9e
9coordinates
9e
9
9km
970mm
9
9
9
9am
9
9
9
95
9
9
9
9
90
90s
90s
96
9
94wysp
94
9am
9
9
9
9
9
960
903
942
9
981043w
98
98
90s
9
9
9th
940841
951
92335n
92335
902225e
90
90
93389e
93389
983n
983
9258e
92
967e
92
967coordinates
9258e
92
967e
92
967
964n
964
9
9
9
9
9
9
9
99
9
900
90
95micrometers
9
9
9
9679
9
9
9
9
9
98mi
93mi
90
950
995
9
9
96
9
90
9
9
94
928
9
9
963
948
9
9n
9
9
9
9287
90
9957
9
9
9
9
93
9
9
9
9
98
9
9
99
9
9
9
9
9
9
9
97
9
97
9
9
9
9
9
9
90
9n
9
9
9th
9
9
9
90
9
983n
983
9km
9
97
9
97
9
9000
90
9
970
9
97
90
90
9
9
9
9
93
9
9
973643w
97
97
9
908
91
981mph
9
941mph
90
9
9
90210
9n
917e
9
917
9
936
930
964
9
92
93
98
96
9
9
97
979085w
979085
9
9th
9th
9th
9
9th
9th
900
9th
933n
933
9
9
9
9
9
9th
9
91
9
93
9
9
9
9
99
9
90km
91
9
9
9
9
9
9
90
9
99
9930km
9
92
9
90s
90s
9
9
9
9
9
9
9
9
9
9
9
94
98
95
92
97
95
95
98
94
98
94
92
96
93
93
98
93
93
94
97
98
92
95
9
9
9
9
9
9
95
9
960
961
962
9
9
9
9
9
91944w
91944
9
9328n
9328
995
9
9square
94
986
99
971
9
92
9
9
9
97
95
92
9
9
9
967n
967
9th
981
9
937
97
9
9
9
974
939
93
90s
98
97
9
9
901n
901
9
9563e
9563
953322n
953322
9
9
95
95
9
9
9
94
98
96
97
9
910
92
9
95
90
9
90
9600n
9600
92
9
954
90
9
933n
933
9
900
90
9
9
90
90s
90s
9
91st
900
9
90sqmi
9
9
96
90th
97th
98th
99th
9
90s
954
9
9317n
9317
9325e
9325
9km
9
9
9
9
9
91
9
90
90s
947e
9
9
92n
974861n
974861
9
9
95
9
95
9
94
9
9
9
9
90th
9
9
9th
9
97
90
9062
9
9
9
9
9
9
9
9
9
9
922
9
9
9r
9r
9
9
9
9
99
90
937ft
98
9
9667n
9667
9
9553n
9553
92
9452
92
9
9
9
900m2
97
9
9
9
99
9
9
900
976
917
900
914911w
91
91
90
95
90
94
992
9
90
999
9
91
97
95
9
93220e
9
9
93220e
9
9
9am
9am
9am
9pm
9am
9
9th
9
9th
9
90mi
91
9
97
998
9
9982528w
9982528
97
998
92
9inches
998
9149w
91
91
90
90
90s
90
9
9
9
9
9
9
90
90
90
900
93
96
91
934113w
93
93
95w
95
9867n
9867
9
96th
9th
9
94mph
90mph
96
9
96
9
9
9k32
9
95
9
92
95
95
952
9th
9
986173n
986173
900th
9
9
9
9
94
9th
90km
9
9
9
99825w
99825
9square
9
99
9
9
970
9
92
900
900
9
96
97
9
98
9
9
9
9
9
9
9
9
9
9th
942
9
94
92
96
96
9
94609s
94609
9th
9
9
9
9
9
9
9
9
93
906
9
9
9
9
90
91
92
93
94
95
96
97
98
99
9
9
9
91
91
9
95
93w
971925w
971925
9th
9th
9
9
9
9
90
9
9
9782
96444e
96444
9
91
977
992
9
9233w
92
92
900
90s
9
99
9
95
9
90
90
9
93
90
9
91
9
9
9
9
9518833n
9518833
9
9
91
9
9
91cm
9
95
99
93112
9
958
98
99
965
918
983n
983
90
9
9
9
9
93rd
93rd
93rd
93rd
93rd
93rd
93rd
93rd
93rd
93rd
93rd
995805w
99
96806w
99
96806
9
9
9
90s
9
9
9
9
99
9
9
930f
9
947628e
947628
9
91
9
9
9
98
9
90
909
909
9513
9
900
9
9
9
9
9
9
9
9
9
9
9
9
93806n
93806
9
9
90
95
9
9
9
9th
9
9
9
909
9
9
9
90
92n
92
96
96
96
9
9
98
9
9
9
9
9
9
91
91m
90
920
92
9
9
90
9
9
9
98
905
91
9
905
9
9
9
9
96
9
9
9
9
91
9
9
91
9
9
9
9
9
9
9
9
9
978
9
9
97
95
9
910
9
900
9
9
9
9
9578w
9578
90
9
91
9
915955w
91
99861w
91
99861
933e
933coordinates
933e
933
90
95
910824
93
9
93
9
9
9
96
94
9
9
9
958
9
9
958
97
94
9
9
9
9
9
9
9
9
9
97
9
9
900
90
9
97345
90s
900
903
97
9
903
90
93
936
976
9
9km2
95
9454w
94
90w
94
90
9
96833e
96833
9
9
90
9000
9
95
9
99mph
9
90
99
99mph
9
90
9616w
96
96
96
98
9
97
940
94
940
9
9
9
9
9
9
9
9
91
9inches
91
91
912
9
9th
9
90
94739e
9
9
911
9th
92306w
92306
9417
93
9
9km
9
9
9
9
9
9
96
9
9am
9pm
9am
9am
9am
9am
9am
9am
9am
9am
9am
97n
917e
917
95
9
9
9
9
9
9
93
90
99
999
996
996
9
9236e
9236
9
985
9
90
9
985
950
9
9
90
9
9
900
9
90
9
9
9
954246
95
95
9
9
9
9
9
9th
9
9
9
90
97
9
904
947
989
960
937
900
96
9553n
9553
9
9v
95
9
9
97
9
9
9
9
9
9th
9008n
905e
9008
905
92803w
9
9
9
9
90
9488
9
99
9
9
9
9667n
9667
9
9
9
970895n
970895
90
9
90
9
951
910889n
912639w
910889
912639
9
9
9
9025n
9025
9
973
9
93
9
98
99
9
9
9
98million
9
90
99
95
9
93
97306e
97306
9
9th
9th
975313w
97
97
97
98
9
9
98
9
99389w
99389
9
90
9
9
90
9th
9
9inches
9
9
99
96
9
9
9
9
95722n
95722
957247
9
99
9
9
9
92
9
9
913
914
96556n
96556
9
9
93278e
93278
9
9
95
9
9
9
9
9
9
9775n
9775
92km
9
914
914
9
9
9
9
90
99
92
9
97
9
9
9
92
91
9
9
9
928
900
99
9
9
97
989
971
92
9
990
999
9
923
946
9
91778n
91778
9
90
9
9
9
9
94
94
9th
9th
9
9
9
9
9
9
9
9
9
9
9
9
9
9000
90
9
9
9
9th
9
93972w
93972
939825
919m
97
96
9
95
9
90
9
9c
9
9
9
9
93
9
9
98
9
9
9
92
91
9
90
91
92
93
94
9
90
90
90
91
90
9
990
99
9
9
961
9
9
9
95
983w
983
9
9
9
9
9
963206w
90694n
96
90694
96
95n
90w
95
90
969
9
99
96
923
981
9
95
9
9th
9
9803231
978
9803231
9
91
999
9500e
9500
95c
91
9s
9
9
90
900
90w
9
9
9
9
9
99th
9km
9238n
9056w
9238
9056
9
98
95
9
97
985
9
91
91
91
91
9
9
9
9
9
91032e
9
9
98
9
9
95n
95
9
95
9
9
9
990
9
934
91
9
9
9
9
9
9
90
96
9
95sqmi
9
9
9
9
9
9
9
908
94nmi
9
9
99
90
91
92
93
94
95
96
97
98
901
903
904
905
907
921
922
923
924
925
926
927
928
951
952
953
954
955
956
957
958
959
960
961
962
963
964
965
966
967
968
969
970
971
972
973
974
975
976
977
978
979
980
981
982
983
984
985
986
987
988
989
990
991
992
993
994
929
930
995
997
998
999
9
9
901222w
90
90
98
9
9264e
9264
9
9
9
9
9
9
9
900
95
9
925
9
92nd
9
9
9
9
92
99
9
9
9
9
9
9
91
95
9th
9
9513
9
97
92
9
9
9761n
9761
918
9
9
9
9
9
9782038
960
9
9
9200
9
90
90
9225
9225
9
9
941
9
9
9
9
95
94
9
9
9
950
9
9
9
9th
9
9
9
9
900s
900
9bn
90
90
9
9th
90
90
90
90
90km
9
9m
9
9
9
9acres
9
9
9
9
9
92
9
9
90
9
9
9
9
9
983w
983
978
9
90s
92
9
9
9
9
9
94
9
921s
921
9
9
9
986
959
96
9
9
99
96
9
9
9
9
917e
917
90
9
9828n
9828
9
914
914
900
99
914
9l
9
902
94
94th
99
9
974
9
99
9
9
9
9
95
95
9s
984
96
9
930km
9
9368476w
9368476
90s
9
9
9
9
990
91
9
9
9
9
9
9
99
9
9
990
997
9th
9667e
9667
9
9
9w
9
95
96sqmi
96km
9
9
9
9
9
98528w
98528
9
913059w
91
91
930km2
96
9
909
970
970
909
973
9
90
947
93
900
9
9
976
97
9
9500e
9500
9
9
9
93
9
9
9
9
92806n
92806
9
9
90
942n
942
90
90
9
93833w
93833
92
92
98
9
9
94
933e
933
990
9
910
99
9
9
91
9
9
95
99
9
9
90
978
90
90
978
90
978
978
9
9
9
9
9
924
98
9
9
9
985
9
9
99
9
9
95c
95
9th
9
9
9979462
90019
9
9
9
9
9
9
99
9
97k186
9
9
9
90
96
9000
9
956
956
962
9
9
90
9
90th
9
9
92
9
9102
9
9
9
9
9
9
9
9
9
9
9
9
9
9
9
9
9
95live
95
9fm
95live
90
95live
95live
95live
95live
95live
95live
95
9
95live
9am
96
94
96
9
9
91
940
980
9
9
97
97
90
9
9
90
96
93
9
9
9
9
9
953
97
9
900kg
9
96
9
9ft
9
9
9
9
9
9
9
9
9
9
9
91924w
91
91
91
90
9
9
9
91082w
91082
9d
98
9
957
9
98
95
98
94
9
9
9
91
90s
93
9
9
9
983ad
983
9
9
93
9
9
9x
9
9
9
967e
967
9
95f
9th
9
940
9
9
9
98
9
9
91
9
952219w
95
95
92
9
9
9
94
92
9
99
977
904
994
9
9
918
9
9
9846n
9976w
9846
9976
933w
933coordinates
933w
933
900
916
9m2
9
90
90
9
9
90
96
9
9
904
9
917n
917
90
9
9
90
9
9
948
97583w
97583
975895
9
9
9
90
96
95
9
9
9
96
9
9
9
940
9
9
9
99
9
913810w
91
91
9
9
9
9
9
9
9
9
9
9
9
932727
9th
90
9
9
9
9000
90
98
91
9
9
900
9
9
94417n
94417
9
96
9
9
978
978
9
933227w
93
93
9
90
9
9
95
9
91
90
926
926
9
9
9
91
92
92
90772n
90772
900
9
9
97mi
956
927
9
973320w
97
97
9
9
9
9
9
9
9
9
9
93km
98
97
98
9
99
933
9
9
9
9
9th
943
9
9
9
9
90
9
9
9
9
9
90
9
9
9060
90
99
99
999
9
90
9
9
93
91
9square
9km
9
99
9
9
9
9505
9
98
9
94feet
9
956
981
909
9
981
9
9
93kw
9
9
94
94
934
98
9
934
98
9
9
9
9356n
9356
95
9
964702w
96
96
9876194n
9876194
9
9th
955
99
9
955
9
9
94
92
902
9
9
97
934
90
95
9
93
94
90
9
9
90s
984
985
984
90
985
905
9
92001383
951
92
9
9
9
90
9
9ft
92
92
92
92
9
9
9
9
90
9
90
9
970
9
937
911229w
91
91
9am
9
9
9
9
9
9th
9
9
9
9
9th
9
9
9
9
9
9
970
9th
98
9
9
957982n
957982
9inches
9
9
9h
9
96th
9
91
92
93
94
99
9
9
977
92nd
9
9
931
9
9
98
946
987
977
9
90
94
91
9
92
98
95
97
91
97
9
90
9
9
9
9
9n
96b632
917
917
917
917
9
918
918
9mi
9
95
95
9km2
983
95
9
9
965532w
969788n
96
925678w
969788
96
925678
9
9
90s
9
900
98
9
9million
9million
90
9
90
9
9
94
9
9
92
952
90
9
